-54.0075 -1 204 tassinari1996
-53.7753 -1.8 130 tassinari1996
-51.2843 -1 213 tassinari1996
-53.5055 -3.6301 171 tassinari1996
-53.615 -3.7557 130 tassinari1996
-53.5327 -3.7135 188 tassinari1996
-50.2667 -6.1167 210 tassinari1996
-50.8333 -5.5 203 tassinari1996
-49.7 -4.1 105 tassinari1996
-50.8167 -6.1167 210 tassinari1996
-49.72 -6.18 160 tassinari1996
-49.4667 -5.5833 225 tassinari1996
-57.3389 -14.6692 123 tassinari1996
-57.4518 -14.6125 126 tassinari1996
-58.3839 -15.2714 112 tassinari1996
-61.6213 -12.5477 140 tassinari1996
-61.4481 -12.5802 151 tassinari1996
-61.0065 -12.5441 178 tassinari1996
-61.4158 -12.5254 150 tassinari1996
-73.6009 -7.3272 238 tassinari1996
-66.2847 -4.838 216 tassinari1996
-51.3167 2.1833 207 tassinari1996
-51.5 3.7833 224 tassinari1996
-51.3333 3.6333 227 tassinari1996
-51.1 2.2167 176 tassinari1996
-65.7 -0.2 248 tassinari1996
-61.276 -2.1208 209 tassinari1996
-62.5833 -3.7833 165 tassinari1996
-60.269 -7.1546 218 tassinari1996
-60.6501 -7.2699 222 tassinari1996
-60.6606 -7.3421 179 tassinari1996
-60.7333 2.9167 152 tassinari1996
-60.1333 3.1667 179 tassinari1996
-60.8 2.4833 161 tassinari1996
-60.1833 3.3333 151 tassinari1996
-61 2.79 151 tassinari1996
-60.9167 2.7167 148 tassinari1996
-60.1667 4.3167 127 tassinari1996
-54.7333 -2.3 232 tassinari1996
-55.8886 -1.5446 249 tassinari1996
-57.8426 -3.9155 181 tassinari1996
-54.5005 -2.0245 175 tassinari1996
-54.1338 -2.1088 130 tassinari1996
-54.0167 -1.9 135 tassinari1996
-55.0333 -1.5833 175 tassinari1996
-54.65 -1.4167 183 tassinari1996
-56.5333 -1.4167 143 tassinari1996
-59.7333 -3.1833 196 tassinari1996
-54.73333 -2.3 140 tassinari1996
-56.0667 -1.1667 126 tassinari1996
-49.0333 -9.9333 168 tassinari1996
-49.4667 -8.75 197 tassinari1996
-49.0147 -9.8945 175 tassinari1996
-57.8243 -7.4707 180 tassinari1996
-60.4084 -7.2052 179 tassinari1996
-55.8816 -4.3598 148 tassinari1996
-54.5667 2.0033 201 tassinari1996
-59.8333 4.45 201 tassinari1996
-59.9833 3.5906 146 tassinari1996
-59.9166666666667 -3.33333333333335 133 mizusaki2002
-59.5535 -3.7563333333333397 169 mizusaki2002
-59.883333333333304 -3.25 174 mizusaki2002
-59.883333333333304 -3.25 178 mizusaki2002
-60.1666666666667 -3.16666666666665 146 mizusaki2002
-59.55 -3.33333333333335 131 mizusaki2002
-61.0 -3.5 127 mizusaki2002
-60.9166666666667 -2.0 148 mizusaki2002
-60.8333333333333 -1.9166666666666499 131 mizusaki2002
-60.6666666666667 -2.66666666666665 132 mizusaki2002
-60.9166666666667 -2.16666666666665 161 mizusaki2002
-60.5 -3.6666666666666696 177 mizusaki2002
-60.0 -3.16666666666665 179 mizusaki2002
-73.1901666666667 -6.8020000000000005 177 mizusaki2002
-73.1038333333333 -6.251 194 mizusaki2002
-70.6406666666667 -6.8075 263 mizusaki2002
-70.6406666666667 -6.8075 294 mizusaki2002
-70.6406666666667 -6.8075 302 mizusaki2002
-66.3401666666667 -4.87183333333333 116 mizusaki2002
-66.3401666666667 -4.87183333333333 117 mizusaki2002
-66.5185 -4.89283333333333 138 mizusaki2002
-66.2521666666667 -4.78466666666668 141 mizusaki2002
-64.6833333333334 -3.35333333333332 142 mizusaki2002
-66.3705 -4.82383333333334 144 mizusaki2002
-66.3401666666667 -4.87183333333333 157 mizusaki2002
-66.9563333333333 -5.20233333333334 162 mizusaki2002
-66.3401666666667 -4.5385 164 mizusaki2002
-62.1205 -3.8178333333333496 163 mizusaki2002
-66.0516666666667 -4.454833333333339 167 mizusaki2002
-67.476 -5.5425 170 mizusaki2002
-63.7046666666667 -5.69183333333333 170 mizusaki2002
-66.0716666666667 -3.517 177 mizusaki2002
-67.476 -5.5425 182 mizusaki2002
-63.7046666666667 -5.6885 182 mizusaki2002
-66.419 -4.884333333333339 182 mizusaki2002
-61.374333333333304 -3.88933333333333 186 mizusaki2002
-63.7188333333333 -4.56883333333335 186 mizusaki2002
-66.623 -5.20233333333334 188 mizusaki2002
-66.2231666666667 -4.7705 190 mizusaki2002
-67.03733333333331 -5.041666666666661 191 mizusaki2002
-66.0516666666667 -4.454833333333339 198 mizusaki2002
-66.5855 -4.93883333333332 200 mizusaki2002
-66.9563333333333 -5.20233333333334 203 mizusaki2002
-63.7188333333333 -4.56883333333335 206 mizusaki2002
-66.2521666666667 -4.78466666666668 207 mizusaki2002
-36.25 -4.916666666666661 43 mizusaki2002
-66.2016666666667 -4.87183333333333 209 mizusaki2002
-63.1223333333333 -4.8706666666666605 209 mizusaki2002
-69.05 -5.425 210 mizusaki2002
-65.2016666666667 -4.8751666666666695 211 mizusaki2002
-69.05 -5.425 213 mizusaki2002
-66.21883333333331 -4.78466666666668 216 mizusaki2002
-66.623 -5.20233333333334 217 mizusaki2002
-66.3856666666667 -4.551 222 mizusaki2002
-66.3856666666667 -4.551 223 mizusaki2002
-67.03733333333331 -3.03833333333333 223 mizusaki2002
-65.71883333333331 -4.56883333333335 223 mizusaki2002
-67.03733333333331 -5.041666666666661 227 mizusaki2002
-70.0198333333333 -5.592333333333321 229 mizusaki2002
-66.9563333333333 -5.20233333333334 233 mizusaki2002
-66.0716666666667 -3.517 233 mizusaki2002
-65.7521666666667 -4.56883333333335 238 mizusaki2002
-65.0 -3.33333333333335 142 mizusaki2002
-62.0 -4.0 163 mizusaki2002
-64.0 -6.0 170 mizusaki2002
-64.0 -6.0 182 mizusaki2002
-70.1666666666667 -7.0 294 mizusaki2002
-70.1666666666667 -7.0 307 mizusaki2002
-54.325166666666696 -2.106 118 mizusaki2002
-54.0216666666667 -1.8851666666666698 118 mizusaki2002
-58.606166666666695 -3.6565 123 mizusaki2002
-54.3218333333333 -2.106 137 mizusaki2002
-54.606166666666695 -3.3535 138 mizusaki2002
-51.2166666666667 -0.95 163 mizusaki2002
-51.2166666666667 -0.95 171 mizusaki2002
-60.884666666666696 -3.656 172 mizusaki2002
-54.55 -2.0 173 mizusaki2002
-60.621333333333304 -3.8915 177 mizusaki2002
-60.185 -3.35333333333332 179 mizusaki2002
-57.5176666666667 -3.8516666666666604 181 mizusaki2002
-57.086000000000006 -3.301 183 mizusaki2002
-60.621333333333304 -3.8915 194 mizusaki2002
-60.6676666666667 -4.809 197 mizusaki2002
-54.052833333333304 -3.1506666666666603 198 mizusaki2002
-59.7221666666667 -3.32433333333333 202 mizusaki2002
-57.052666666666696 -3.301 203 mizusaki2002
-53.0548333333333 -1.1218333333333501 204 mizusaki2002
-57.052666666666696 -3.301 204 mizusaki2002
-60.185 -3.35333333333332 204 mizusaki2002
-60.884666666666696 -3.656 203 mizusaki2002
-57.052666666666696 -3.301 206 mizusaki2002
-60.621333333333304 -3.8915 209 mizusaki2002
-60.621333333333304 -3.8915 210 mizusaki2002
-59.0838333333333 -3.8718333333333397 210 mizusaki2002
-60.621333333333304 -3.8915 213 mizusaki2002
-57.052666666666696 -3.301 213 mizusaki2002
-51.422 -1.34233333333333 218 mizusaki2002
-60.618 -3.8915 220 mizusaki2002
-60.6676666666667 -4.809 222 mizusaki2002
-60.5398333333333 -3.21983333333332 227 mizusaki2002
-59.069166666666696 -3.823 228 mizusaki2002
-54.3218333333333 -2.106 232 mizusaki2002
-60.5431666666667 -3.2531666666666603 240 mizusaki2002
-60.536666666666605 -4.16716666666667 247 mizusaki2002
-57.5176666666667 -3.8516666666666604 249 mizusaki2002
-54.3218333333333 -2.106 239 mizusaki2002
-57.052666666666696 -3.301 303 mizusaki2002
-54.3195 -2.2 126 mizusaki2002
-54.5 -2.0 140 mizusaki2002
-56.0 -4.5 144 mizusaki2002
-51.25 -1.08333333333334 163 mizusaki2002
-51.25 -1.08333333333334 171 mizusaki2002
-49.8333333333333 1.8333333333333501 176 mizusaki2002
-60.3333333333333 -7.33333333333333 179 mizusaki2002
-60.0 -3.33333333333335 202 mizusaki2002
-53.5 -1.75 204 mizusaki2002
-51.5 2.08333333333335 207 mizusaki2002
-51.0 -6.083333333333339 210 mizusaki2002
-49.5383333333333 -0.9366666666666679 56 mizusaki2002
-49.5383333333333 -0.9366666666666679 86 mizusaki2002
-45.4048333333333 -2.99216666666667 114 mizusaki2002
-45.4048333333333 -2.99216666666667 187 mizusaki2002
-45.4048333333333 -2.99216666666667 171 mizusaki2002
-43.3955 -2.67 109 mizusaki2002
-42.1011666666667 -2.8905 124 mizusaki2002
-42.9338333333333 -2.9031666666666602 228 mizusaki2002
-42.3333333333333 -6.833333333333339 126 mizusaki2002
-44.0 -6.5 127 mizusaki2002
-42.9166666666667 -6.833333333333339 127 mizusaki2002
-44.1216666666667 -6.12166666666666 133 mizusaki2002
-42.5515 -3.6001666666666696 133 mizusaki2002
-47.487333333333304 -3.52266666666668 180 mizusaki2002
-46.5383333333333 -5.5333333333333306 182 mizusaki2002
-44.54 -5.333333333333339 184 mizusaki2002
-47.487333333333304 -5.522666666666679 187 mizusaki2002
-48.0 -6.416666666666661 124 mizusaki2002
-47.5 -5.333333333333339 136 mizusaki2002
-36.273 -6.635 57 mizusaki2002
-36.858166666666705 -5.5675 80 mizusaki2002
-37.267166666666704 -6.35816666666667 144 mizusaki2002
-46.5 -6.0 123 mizusaki2002
-48.0 -6.5 147 mizusaki2002
-47.9833333333334 -6.483333333333321 150 mizusaki2002
-46.4833333333333 -6.01666666666667 138 mizusaki2002
-48.0 -7.0 172 mizusaki2002
-47.9883333333333 -6.488333333333349 214 mizusaki2002
-46.5166666666667 -5.983333333333321 213 mizusaki2002
-46.0885 -8.03833333333334 198 mizusaki2002
-46.1 -7.421 209 mizusaki2002
-40.471166666666704 -2.41983333333334 43 mizusaki2002
-40.471166666666704 -2.41983333333334 44 mizusaki2002
-39.037333333333294 -3.0260000000000002 83 mizusaki2002
-39.0833333333333 -6.8171666666666795 211 mizusaki2002
-39.0 -6.75 169 mizusaki2002
-39.0 -6.75 173 mizusaki2002
-39.0 -6.75 173 mizusaki2002
-39.0 -6.75 176 mizusaki2002
-39.0 -6.75 179 mizusaki2002
-39.0 -6.75 180 mizusaki2002
-36.2386666666667 -4.92316666666667 44 mizusaki2002
-36.2386666666667 -4.92316666666667 47 mizusaki2002
-36.85 -5.57166666666666 83 mizusaki2002
-36.8666666666667 -5.601666666666651 89 mizusaki2002
-37.1015 -5.33866666666665 100 mizusaki2002
-36.9533333333333 -5.75833333333333 123 mizusaki2002
-37.316666666666706 -5.86666666666667 124 mizusaki2002
-35.585666666666704 -4.8393333333333395 130 mizusaki2002
-37.085 -5.705 133 mizusaki2002
-38.3333333333333 -5.833333333333339 133 mizusaki2002
-37.0566666666667 -5.69 139 mizusaki2002
-38.6666666666667 -5.9175 150 mizusaki2002
-39.0 -6.666666666666661 186 mizusaki2002
-39.1666666666667 -6.666666666666661 214 mizusaki2002
-36.46733333333329 -4.92266666666666 42 mizusaki2002
-36.2386666666667 -4.92316666666667 43 mizusaki2002
-36.135 -5.635 130 mizusaki2002
-36.08783333333329 -5.55 133 mizusaki2002
-36.507166666666706 -5.13333333333333 42 mizusaki2002
-36.507166666666706 -5.13333333333333 123 mizusaki2002
-36.17 -5.6716666666666695 126 mizusaki2002
-36.17 -5.6716666666666695 129 mizusaki2002
-36.17 -5.6716666666666695 131 mizusaki2002
-36.3333333333333 -5.666666666666661 140 mizusaki2002
-34.989000000000004 -8.450833333333321 102 mizusaki2002
-38.506333333333295 -17.335666666666697 59 mizusaki2002
-39.3905 -18.7703333333333 48 mizusaki2002
-39.803833333333294 -19.509 80 mizusaki2002
-29.35 -20.4716666666667 61 mizusaki2002
-29.35 -20.4716666666667 61 mizusaki2002
-29.35 -20.4716666666667 85 mizusaki2002
-38.7 -17.966666666666697 41 mizusaki2002
-38.7 -17.966666666666697 42 mizusaki2002
-38.7 -17.966666666666697 43 mizusaki2002
-38.7 -17.966666666666697 43 mizusaki2002
-38.7 -17.966666666666697 44 mizusaki2002
-38.7 -17.966666666666697 44 mizusaki2002
-38.7 -17.966666666666697 46 mizusaki2002
-38.7 -17.966666666666697 47 mizusaki2002
-38.7 -17.966666666666697 48 mizusaki2002
-38.7 -17.966666666666697 50 mizusaki2002
-38.7 -17.966666666666697 52 mizusaki2002
-38.7 -17.966666666666697 61 mizusaki2002
-38.7 -17.966666666666697 64 mizusaki2002
-38.7 -17.966666666666697 63 mizusaki2002
-40.1416666666667 -22.320999999999998 81 mizusaki2002
-41.92100000000001 -23.7673333333333 92 mizusaki2002
-40.835666666666704 -22.735 93 mizusaki2002
-41.5428333333333 -23.4673333333333 103 mizusaki2002
-41.6881666666667 -23.653000000000002 107 mizusaki2002
-40.821999999999996 -22.7201666666667 110 mizusaki2002
-40.806 -22.7556666666667 122 mizusaki2002
-40.8243333333333 -22.7428333333333 122 mizusaki2002
-40.84216666666671 -22.7098333333333 124 mizusaki2002
-40.8348333333333 -22.7085 126 mizusaki2002
-40.8348333333333 -22.7085 134 mizusaki2002
-40.788833333333294 -21.0875 202 mizusaki2002
-42.8871666666667 -23.756166666666697 44 mizusaki2002
-42.8871666666667 -23.756166666666697 87 mizusaki2002
-43.7173333333333 -24.1085 90 mizusaki2002
-43.3868333333333 -23.9725 101 mizusaki2002
-47.3371666666667 -27.3545 114 mizusaki2002
-45.2423333333333 -24.568833333333302 121 mizusaki2002
-52.101000000000006 -21.755 106 mizusaki2002
-51.9015 -27.504333333333303 112 mizusaki2002
-51.372 -24.519666666666698 115 mizusaki2002
-52.1753333333333 -26.4501666666667 119 mizusaki2002
-52.4065 -25.4003333333333 120 mizusaki2002
-51.0545 -26.2598333333333 121 mizusaki2002
-50.6026666666667 -22.4175 122 mizusaki2002
-52.101000000000006 -21.755 123 mizusaki2002
-49.134666666666696 -27.467 123 mizusaki2002
-55.3431666666667 -28.2931666666667 124 mizusaki2002
-48.3858333333333 -23.3695 125 mizusaki2002
-51.4195 -23.4913333333333 127 mizusaki2002
-50.8866666666667 -24.175166666666698 127 mizusaki2002
-52.4065 -25.4003333333333 128 mizusaki2002
-55.3431666666667 -28.2931666666667 129 mizusaki2002
-51.4195 -23.4913333333333 130 mizusaki2002
-51.4195 -23.4913333333333 132 mizusaki2002
-51.2918333333333 -26.7353333333333 133 mizusaki2002
-52.101000000000006 -21.755 135 mizusaki2002
-51.6586666666667 -28.7008333333333 143 mizusaki2002
-55.759833333333304 -29.8011666666667 145 mizusaki2002
-49.108000000000004 -25.1705 148 mizusaki2002
-51.7855 -17.8038333333333 173 mizusaki2002
-51.307166666666696 -26.7415 213 mizusaki2002
-50.4708333333333 -31.033333333333303 84 mizusaki2002
-50.4708333333333 -31.033333333333303 100 mizusaki2002
-50.4708333333333 -31.033333333333303 124 mizusaki2002
-49.5383333333333 -0.9366666666666679 55 mizusaki2002
-36.708166666666706 -3.173 14 mizusaki2002
-36.402666666666704 -5.773 28 mizusaki2002
-36.405333333333296 -5.905333333333349 30 mizusaki2002
-36.405333333333296 -5.905333333333349 32 mizusaki2002
-38.885999999999996 -3.2878333333333303 32 mizusaki2002
-38.353 -3.27533333333333 34 mizusaki2002
-37.46733333333329 -5.307 19 mizusaki2002
-36.1595 -4.94016666666668 32 mizusaki2002
-36.2386666666667 -4.92316666666667 37 mizusaki2002
-36.2386666666667 -4.92316666666667 37 mizusaki2002
-36.2931666666666 -4.909 28 mizusaki2002
-36.1561666666666 -4.94016666666668 33 mizusaki2002
-36.25 -4.916666666666661 29 mizusaki2002
-36.25 -4.916666666666661 36 mizusaki2002
-36.325666666666706 -5.5405 13 mizusaki2002
-36.325666666666706 -5.5405 13 mizusaki2002
-36.325666666666706 -5.5405 14 mizusaki2002
-36.123000000000005 -5.6248333333333305 29 mizusaki2002
-36.123000000000005 -5.6248333333333305 30 mizusaki2002
-32.421666666666695 -3.8575 2 mizusaki2002
-32.421666666666695 -3.8575 2 mizusaki2002
-32.421666666666695 -3.8575 2 mizusaki2002
-32.421666666666695 -3.8575 3 mizusaki2002
-32.421666666666695 -3.8575 3 mizusaki2002
-32.421666666666695 -3.8575 4 mizusaki2002
-32.421666666666695 -3.8575 7 mizusaki2002
-32.421666666666695 -3.8575 0 mizusaki2002
-32.421666666666695 -3.8575 0 mizusaki2002
-32.421666666666695 -3.8575 0 mizusaki2002
-32.421666666666695 -3.8575 0 mizusaki2002
-32.421666666666695 -3.8575 0 mizusaki2002
-32.421666666666695 -3.8575 10 mizusaki2002
-32.421666666666695 -3.8575 11 mizusaki2002
-32.421666666666695 -3.8575 11 mizusaki2002
-32.421666666666695 -3.8575 12 mizusaki2002
-32.421666666666695 -3.8575 22 mizusaki2002
-36.3355 -5.34 18 mizusaki2002
-36.1716666666667 -5.668333333333321 20 mizusaki2002
-36.337166666666704 -5.50383333333334 24 mizusaki2002
-36.3333333333333 -6.83666666666667 19 mizusaki2002
-36.1666666666667 -7.175 30 mizusaki2002
-35.838333333333395 -7.33666666666667 39 mizusaki2002
-38.506333333333295 -17.335666666666697 33 mizusaki2002
-38.506333333333295 -17.335666666666697 37 mizusaki2002
-29.35 -20.4716666666667 2 mizusaki2002
-29.35 -20.4716666666667 2 mizusaki2002
-29.35 -20.4716666666667 2 mizusaki2002
-29.35 -20.4716666666667 2 mizusaki2002
-29.35 -20.4716666666667 2 mizusaki2002
-29.35 -20.4716666666667 0 mizusaki2002
-29.35 -20.4716666666667 0 mizusaki2002
-29.35 -20.4716666666667 0 mizusaki2002
-29.35 -20.4716666666667 1 mizusaki2002
-29.35 -20.4716666666667 1 mizusaki2002
-29.35 -20.4716666666667 1 mizusaki2002
-29.35 -20.4716666666667 3 mizusaki2002
-29.35 -20.4716666666667 3 mizusaki2002
-29.35 -20.4716666666667 3 mizusaki2002
-29.35 -20.4716666666667 3 mizusaki2002
-29.35 -20.4716666666667 3 mizusaki2002
-29.35 -20.4716666666667 3 mizusaki2002
-29.35 -20.4716666666667 4 mizusaki2002
-38.7 -17.966666666666697 32 mizusaki2002
-38.7 -17.966666666666697 37 mizusaki2002
-38.7 -17.966666666666697 37 mizusaki2002
-38.7 -17.966666666666697 39 mizusaki2002
-41.5543333333333 -23.7673333333333 30 mizusaki2002
-41.6413333333333 -22.538333333333302 33 mizusaki2002
-41.266833333333295 -23.4168333333333 34 mizusaki2002
-44.586999999999996 -24.583833333333303 39 mizusaki2002
-42.8871666666667 -23.756166666666697 33 mizusaki2002
-51.663000000000004 -15.527000000000001 85 mizusaki2002
-51.161 -15.74 82 mizusaki2002
-51.38 -16.049 91 mizusaki2002
-51.54 -16.34 85 mizusaki2002
-51.05 -16.44 68 mizusaki2002
-55.69 -16.28 84 mizusaki2002
-54.0 -16.0 84 mizusaki2002
-50.69 -17.48 86 mizusaki2002
-47.82 -18.13 85 mizusaki2002
-47.42 -18.28 84 mizusaki2002
-46.92 -19.62 90 mizusaki2002
-46.77 -18.51 80 mizusaki2002
-46.75 -19.03 84 mizusaki2002
-46.78 -18.93 84 mizusaki2002
-46.82 -19.87 79 mizusaki2002
-46.23 -18.81 71 mizusaki2002
-46.17 -18.9 84 mizusaki2002
-46.08 -19.35 84 mizusaki2002
-46.05 -19.72 90 mizusaki2002
#-48.0 -21.42 56 mizusaki2002
-46.56 -21.88 80 mizusaki2002
-45.75 -22.79 88 mizusaki2002
-44.99 -22.41 73 mizusaki2002
-44.71 -22.37 71 mizusaki2002
-44.34 -22.49 73 mizusaki2002
-44.12 -22.56 43 mizusaki2002
-43.5 -22.6 64 mizusaki2002
-43.51 -22.84 73 mizusaki2002
-43.04 -22.77 66 mizusaki2002
-42.73 -22.69 68 mizusaki2002
-42.61 -22.68 75 mizusaki2002
-42.68 -22.63 62 mizusaki2002
-42.03 -22.53 61 mizusaki2002
-42.0 -22.98 55 mizusaki2002
-45.78 -23.88 83 mizusaki2002
-45.38 -23.9 85 mizusaki2002
-45.3 -23.79 85 mizusaki2002
-45.26 -23.94 85 mizusaki2002
-45.14 -23.8 86 mizusaki2002
-45.01 -23.73 84 mizusaki2002
-47.44 -23.81 125 mizusaki2002
-47.63 -23.48 131 mizusaki2002
-46.79 -24.156 133 mizusaki2002
-47.7 -24.42 133 mizusaki2002
-48.11 -24.68 135 mizusaki2002
-47.95 -25.03 84 mizusaki2002
-49.28 -24.66 106 mizusaki2002
-49.38 -24.65 104 mizusaki2002
-49.43 -24.68 78 mizusaki2002
-49.08 -24.98 84 mizusaki2002
-49.17 -24.75 68 mizusaki2002
-50.2 -27.55 70 mizusaki2002
-50.14 -27.66 70 mizusaki2002
-50.21 -27.73 70 mizusaki2002
-49.19 -27.8 133 mizusaki2002
-53.0 -31.05 83 mizusaki2002
-57.88 -21.44 224 mizusaki2002
-55.95 -22.62 138 mizusaki2002
-56.03 -23.09 119 mizusaki2002
-56.07 -22.64 140 mizusaki2002
-56.22 -22.73 120 mizusaki2002
-56.245 -25.938000000000002 124 mizusaki2002
-56.258 -25.791999999999998 127 mizusaki2002
-56.413000000000004 -25.712 129 mizusaki2002
-56.443000000000005 -25.587 135 mizusaki2002
-56.78 -25.793000000000003 127 mizusaki2002
-56.902 -25.908 130 mizusaki2002
-56.95 -25.98 126 mizusaki2002
-56.958 -25.798000000000002 128 mizusaki2002
-56.96 -25.703000000000003 120 mizusaki2002
-57.105 -25.843000000000004 66 mizusaki2002
-57.105 -25.603 130 mizusaki2002
-57.173 -25.881999999999998 118 mizusaki2002
-57.185 -25.748 124 mizusaki2002
-57.353 -25.593000000000004 132 mizusaki2002
-57.478 -25.193 50 mizusaki2002
-57.513000000000005 -25.085 57 mizusaki2002
-57.535 -25.403000000000002 46 mizusaki2002
-57.545 -25.131999999999998 58 mizusaki2002
46:48:16.67:W 18:31:10.24:S 79 Ribeiro2018
46:46:4.68:W 18:31:22.26:S 80.1 Ribeiro2018
51:02:15.38:W 16:41:30.00:S 72.4 Ribeiro2018
46:56:51.67:W 19:40:15.82:S 77.4 Ribeiro2018
40:08:42.60:W 22:19:41.25:S 81 Ribeiro2018
46:17:41.21:W 19:01:54.10:S 83.6 Ribeiro2018
47:48:37.06:W 18:08:4.84:S 81 Ribeiro2018
47:52:34.03:W 18:02:51.40:S 82 Ribeiro2018
47:03:42.71:W 18:51:50.25:S 76.9 Ribeiro2018
45:57:13.00:W 19:58:53.00:S 79.6 Ribeiro2018
47:27:34.05:W 18:32:47.21:S 80 Ribeiro2018
51:02:W 16:26:S 82.9 Ribeiro2018
47:21:39.85:W 18:24:48.26:S 84.5 Ribeiro2018
46:53:57.70:W 20:03:18.33:S 78.9 Ribeiro2018
46:53:56.40:W 20:03:18.96:S 80.1 Ribeiro2018
46:54:6.65:W 20:03:12.25:S 79.2 Ribeiro2018
47:34:42.16:W 18:11:48.19:S 84 Ribeiro2018
47:31:27.57:W 18:30:49.18:S 91 Ribeiro2018
46:47:53.20:W 18:28:51.42:S 79.9 Ribeiro2018
46:18:09.73:W 18:26:13.77:S 79 Ribeiro2018
46:13:W 18:55:S 86.6 Ribeiro2018
51:23:W 16:04:S 88.7 Ribeiro2018
46:47:21.08:W 18:28:11.80:S 83 Ribeiro2018
46:14:25.87:W 18:51:18.95:S 79.2 Ribeiro2018
47:28:1.77:W 18:33:2.25:S 87.2 Ribeiro2018
47:27:27.78:W 18:34:15.62:S 79 Ribeiro2018
47:11:41.83:W 18:23:22.77:S 86 Ribeiro2018
46:35:21.69:W 21:51:12.23:S 86.7 Ribeiro2018
55:41:41.67:W 16:16:41.20:S 84 Ribeiro2018
60  45:45:10.19:W 87.6 Ribeiro2018
53:58:14.12:W 15:58:33.25:S 83.9 Ribeiro2018
46:28:32.43:W 18:24:15.74:S 79 Ribeiro2018
46:25:35.49:W 18:25:51.96:S 83.9 Ribeiro2018
47:23:40.70:W 18:17:25.62:S 88.0 Ribeiro2018
51:09:W 17:03:20:S 88.24 Ribeiro2018
46:46:W 19:02:S 82.5 Ribeiro2018
51:08:W 15:43:S 86.7 Ribeiro2018
50:40:W 17:35:S 77.9 Ribeiro2018
46:50:W 18:55:S 83.5 Ribeiro2018
46:00:01.79:W 19:43:49.60:S 90 Ribeiro2018
46:51:5.68:W 19:52:41.71:S 87.2 Ribeiro2018
47:51:34.05:W 18:20:19.67:S 87 Ribeiro2018
47:49:15.95:W 18:18:50.66:S 81.6 Ribeiro2018
50 47:49:27.83:W 6.6 Ribeiro2018
47:40:40.80:W 18:15:43.19:S 88.3 Ribeiro2018
