> Motion path
  -55.321367      16.536332      230.000000
  -54.778839      15.247241      220.000000
  -55.290318      10.713483      210.000000
  -56.033793       5.558121      200.000000
  -56.940986       0.912108      190.000000
  -57.169387      -2.210125      180.000000
  -57.229801      -2.410822      170.000000
  -56.112883       3.023336      160.000000
  -55.800300       4.729371      150.000000
  -57.474627       3.969579      140.000000
  -59.376408       2.942514      130.000000
  -59.569458       1.509596      120.000000
  -55.594590       1.760684      110.000000
  -53.115614       1.172197      100.000000
  -52.062306      -0.434351      90.000000
  -50.558115      -1.953631      80.000000
  -48.314499      -3.304483      70.000000
  -45.747387      -4.626296      60.000000
  -43.805474      -4.007462      50.000000
  -41.529500      -4.058488      40.000000
  -38.698396      -4.407411      30.000000
  -36.130693      -4.575540      20.000000
  -33.751465      -4.407518      10.000000
  -31.944976      -4.062456       0.000000
