> Motion path
  -36.889992      12.245524      230.000000
  -36.315875      11.455553      220.000000
  -37.194450       6.595839      210.000000
  -38.185962       1.141942      200.000000
  -39.198439      -3.818378      190.000000
  -39.074805      -5.522426      180.000000
  -39.168499      -5.936116      170.000000
  -38.281181      -1.340790      160.000000
  -37.951136       0.371635      150.000000
  -39.464482       0.363785      140.000000
  -41.610641      -1.681309      130.000000
  -41.818653      -3.174842      120.000000
  -37.839895      -2.905052      110.000000
  -35.306829      -3.289759      100.000000
  -34.149814      -4.517857      90.000000
  -32.577411      -5.841812      80.000000
  -30.328652      -7.334432      70.000000
  -27.804869      -9.056750      60.000000
  -25.916165      -8.569106      50.000000
  -23.602699      -8.467614      40.000000
  -20.725053      -8.664581      30.000000
  -18.102317      -8.603257      20.000000
  -15.707767      -8.330116      10.000000
  -13.941225      -8.121576       0.000000
