  -60.903170       9.279219      230.000000
  -62.077559       4.748822      220.000000
  -64.149225      -2.486707      210.000000
  -65.879624      -8.502370      200.000000
  -66.989363      -11.524945      190.000000
  -66.319188      -9.934643      180.000000
  -64.673319      -5.430805      170.000000
  -64.914265      -3.960571      160.000000
  -64.795888      -2.296937      150.000000
  -65.111460      -2.474046      140.000000
  -64.795922      -1.586628      130.000000
  -64.423606      -2.134918      120.000000
  -60.599386      -1.205139      110.000000
  -56.441906       0.021625      100.000000
  -54.240286      -1.519146      90.000000
  -51.625026      -2.643828      80.000000
  -48.314499      -3.304483      70.000000
  -45.747387      -4.626296      60.000000
  -43.805474      -4.007462      50.000000
  -41.529500      -4.058488      40.000000
  -38.698396      -4.407411      30.000000
  -36.130693      -4.575540      20.000000
  -33.751465      -4.407518      10.000000
  -31.944976      -4.062456       0.000000
