>anchorPlateId 0
>reconstructionTime 0
>Untitled.gpml
>Muller_etal_Global_250-0Ma_Rotations_2019_v2.rot Seton_etal_ESR2012_2012.1.rot Muller_etal_2016_Global_EarthByte_230-0Ma_GK07_AREPS.rot Matthews_etal_GPC_2016_410-0Ma_GK07.rot 1000_0_rotfile_Merdith_et_al.rot Global_250-0Ma_Young_et_al.rot Global_Model_R.rot
>MotionPath <identity>GPlates-7db69da0-beaa-4602-b430-d6cff9ef3ffe</identity> <revision>GPlates-5f9751c8-dca9-45c4-b83c-9614b5d88257</revision>
> Recostruction plate id: 0
> Relative plate id: 201
> 0,10,20,30,40,50,60,70,80,90,100,110,120,130,140,150,160,170,180,190,200,210,220,230
> Seed point: Lat: -34.5095, Lon: -14.4201
> Motion path
  -14.420062      -34.509484      230.000000
  -14.420062      -34.509484      220.000000
  -14.420062      -34.509484      210.000000
  -48.697284      -25.575500      200.000000
  -50.201060      -30.427028      190.000000
  -47.673897      -32.926399      180.000000
  -46.881334      -30.148601      170.000000
  -47.131131      -27.983431      160.000000
  -48.311307      -26.393039      150.000000
  -48.929277      -26.575213      140.000000
  -53.160326      -27.706171      130.000000
  -53.796612      -29.760919      120.000000
  -52.977776      -28.805939      110.000000
  -48.794568      -31.564165      100.000000
  -44.813962      -31.544146      90.000000
  -38.472384      -31.322002      80.000000
  -33.081537      -31.168143      70.000000
  -30.167542      -31.175650      60.000000
  -28.234482      -31.021793      50.000000
  -25.373930      -33.102665      40.000000
  -22.687821      -32.878081      30.000000
  -19.539022      -33.402521      20.000000
  -16.729917      -33.916020      10.000000
  -14.420062      -34.509484       0.000000
>