>anchorPlateId 0
>reconstructionTime 0
>Untitled.gpml
>Muller_etal_Global_250-0Ma_Rotations_2019_v2.rot Seton_etal_ESR2012_2012.1.rot Muller_etal_2016_Global_EarthByte_230-0Ma_GK07_AREPS.rot Matthews_etal_GPC_2016_410-0Ma_GK07.rot 1000_0_rotfile_Merdith_et_al.rot Global_250-0Ma_Young_et_al.rot Global_Model_R.rot
>MotionPath <identity>GPlates-7db69da0-beaa-4602-b430-d6cff9ef3ffe</identity> <revision>GPlates-5f9751c8-dca9-45c4-b83c-9614b5d88257</revision>
> Recostruction plate id: 0
> Relative plate id: 201
> 0,10,20,30,40,50,60,70,80,90,100,110,120,130,140,150,160,170,180,190,200,210,220,230
> Seed point: Lat: -34.5095, Lon: -14.4201
> Motion path
  -42.112756      -19.862500      230.000000
  -43.443423      -24.624972      220.000000
  -45.072957      -31.971141      210.000000
  -45.682637      -37.811432      200.000000
  -46.744962      -41.118888      190.000000
  -45.756458      -39.172523      180.000000
  -43.571830      -33.863294      170.000000
  -45.838717      -33.548058      160.000000
  -46.752272      -32.362266      150.000000
  -46.595271      -32.285068      140.000000
  -47.839446      -32.188543      130.000000
  -48.190688      -33.118542      120.000000
  -44.607863      -32.261093      110.000000
  -39.588537      -30.556872      100.000000
  -36.700263      -31.813859      90.000000
  -33.771301      -32.833079      80.000000
  -30.819340      -33.722113      70.000000
  -28.871313      -35.430360      60.000000
  -27.252111      -34.932268      50.000000
  -24.674431      -34.840883      40.000000
  -21.511760      -35.046326      30.000000
  -18.486409      -34.992492      20.000000
  -15.928667      -34.720917      10.000000
  -14.420062      -34.509484       0.000000
>