> Motion path
  -51.467609       0.447705      230.000000
  -50.531839      -0.741535      220.000000
  -51.529134      -5.387668      210.000000
  -52.734057      -10.642974      200.000000
  -54.088580      -15.376500      190.000000
  -53.064194      -18.243382      180.000000
  -53.328906      -18.493735      170.000000
  -52.847629      -13.186645      160.000000
  -52.473947      -11.466840      150.000000
  -53.478432      -12.076767      140.000000
  -56.357777      -13.314605      130.000000
  -56.654261      -14.767475      120.000000
  -52.653641      -14.511579      110.000000
  -50.000068      -15.068857      100.000000
  -48.636306      -16.616796      90.000000
  -46.988356      -18.109208      80.000000
  -44.914614      -19.498468      70.000000
  -42.769821      -20.902104      60.000000
  -40.938422      -20.300843      50.000000
  -38.515482      -20.326770      40.000000
  -35.546367      -20.651633      30.000000
  -32.761000      -20.778771      20.000000
  -30.276317      -20.589188      10.000000
  -28.592565      -20.267753       0.000000
>
