>anchorPlateId 0
>reconstructionTime 0
>Untitled.gpml
>Muller_etal_Global_250-0Ma_Rotations_2019_v2.rot Seton_etal_ESR2012_2012.1.rot Muller_etal_2016_Global_EarthByte_230-0Ma_GK07_AREPS.rot Matthews_etal_GPC_2016_410-0Ma_GK07.rot 1000_0_rotfile_Merdith_et_al.rot Global_250-0Ma_Young_et_al.rot Global_Model_R.rot
>MotionPath <identity>GPlates-7db69da0-beaa-4602-b430-d6cff9ef3ffe</identity> <revision>GPlates-5f9751c8-dca9-45c4-b83c-9614b5d88257</revision>
> Recostruction plate id: 0
> Relative plate id: 201
> 0,10,20,30,40,50,60,70,80,90,100,110,120,130,140,150,160,170,180,190,200,210,220,230
> Seed point: Lat: -34.5095, Lon: -14.4201
> Motion path
  -39.128559      -14.052649      230.000000
  -37.762968      -14.897065      220.000000
  -38.803764      -19.748167      210.000000
  -39.912258      -25.196665      200.000000
  -41.134706      -30.146386      190.000000
  -38.486151      -31.908258      180.000000
  -38.905193      -32.326553      170.000000
  -39.764748      -27.694098      160.000000
  -39.534804      -25.975651      150.000000
  -39.840719      -26.025298      140.000000
  -43.499075      -28.011044      130.000000
  -43.716673      -29.504903      120.000000
  -39.723124      -29.235893      110.000000
  -36.825491      -29.642027      100.000000
  -34.947567      -30.898749      90.000000
  -32.941913      -32.231198      80.000000
  -30.819340      -33.722113      70.000000
  -28.871313      -35.430360      60.000000
  -27.252111      -34.932268      50.000000
  -24.674431      -34.840883      40.000000
  -21.511760      -35.046326      30.000000
  -18.486409      -34.992492      20.000000
  -15.928667      -34.720917      10.000000
  -14.420062      -34.509484       0.000000
>