>anchorPlateId 0
>reconstructionTime 0
>Untitled.gpml
>Muller_etal_Global_250-0Ma_Rotations_2019_v2.rot Seton_etal_ESR2012_2012.1.rot Muller_etal_2016_Global_EarthByte_230-0Ma_GK07_AREPS.rot Matthews_etal_GPC_2016_410-0Ma_GK07.rot 1000_0_rotfile_Merdith_et_al.rot Global_250-0Ma_Young_et_al.rot Global_Model_R.rot
>MotionPath <identity>GPlates-7db69da0-beaa-4602-b430-d6cff9ef3ffe</identity> <revision>GPlates-5f9751c8-dca9-45c4-b83c-9614b5d88257</revision>
> Recostruction plate id: 0
> Relative plate id: 201
> 0,10,20,30,40,50,60,70,80,90,100,110,120,130,140,150,160,170,180,190,200,210,220,230
> Seed point: Lat: -34.5095, Lon: -14.4201
> Motion path
  -38.227999      -9.356799      230.000000
  -37.892287      -11.909853      220.000000
  -37.571835      -15.514211      210.000000
  -36.779235      -18.150417      200.000000
  -37.045418      -19.380904      190.000000
  -36.612455      -18.660688      180.000000
  -36.152057      -17.836026      170.000000
  -36.755822      -18.621435      160.000000
  -37.526689      -18.748548      150.000000
  -39.097483      -17.999427      140.000000
  -40.250922      -18.389533      130.000000
  -40.165586      -20.538219      120.000000
  -37.192733      -21.915963      110.000000
  -33.882852      -21.915605      100.000000
  -31.665094      -23.007369      90.000000
  -30.867995      -25.677777      80.000000
  -28.921202      -28.210975      70.000000
  -25.884177      -30.003471      60.000000
  -23.807538      -31.625703      50.000000
  -22.673708      -32.376679      40.000000
  -19.719237      -33.205564      30.000000
  -17.690120      -33.642420      20.000000
  -15.572168      -33.544422      10.000000
  -14.420062      -34.509484       0.000000
>