# kml2gmt: KML read from contours/south_america/CPRM/Tectonics_kml/Luiz_Alves_Craton.kml
# Luiz_Alves_Craton.kml
> -L"Luiz_Alves_Craton.kml"
-48.7453777807	-26.1064594393
-48.793028321	-26.0645477025
-48.8526288563	-26.0254628814
-48.8797357298	-25.9841087602
-48.8976560341	-25.9548923146
-48.9246190863	-25.9108887758
-48.7544423556	-25.5001305869
-48.8844026017	-25.5212334547
-48.999752178	-25.5894871756
-49.1540834669	-25.7224128527
-49.2111058528	-25.7800218731
-49.2278125404	-25.835318217
-49.1896278693	-25.9076255097
-49.1930844127	-25.9774996238
-49.3303670588	-26.0423787068
-49.563340444	-26.220869558
-49.7511212261	-26.297141959
-49.887445176	-26.3536410242
-50.1182337818	-26.4322528133
-50.3421515624	-26.5492297567
-50.5669534943	-26.6883616768
-50.8433016743	-26.8661452421
-51.0952483439	-27.0182089553
-51.2020382165	-27.0938715988
-51.4024621258	-27.2835063072
-51.4926926444	-27.4236149899
-51.5412275964	-27.554385499
-51.5617216725	-27.7031714531
-51.5332000445	-27.8254284644
-51.4597772128	-27.9015749185
-51.2074583548	-28.007517025
-51.0706226154	-28.0280759377
-50.8521545873	-27.9827170947
-50.8483217682	-27.9812031612
-50.6946386058	-27.9140408201
-50.5395444116	-27.8460474172
-50.457954543	-27.8041434145
-50.1435390771	-27.6426617654
-49.7541393273	-27.4195446144
-49.5550693171	-27.3206067178
-49.3671015727	-27.2525348048
-49.2042276428	-27.1249588449
-49.0347663259	-27.0168491099
-48.9415013451	-26.9829992819
-48.8735741714	-26.9352456964
-48.7467670362	-26.8997891387
-48.6616639806	-26.9116859929
-48.6509948453	-26.9103691714
-48.6532791276	-26.9054198914
-48.667335936	-26.8984727515
-48.6628673612	-26.8986147904
-48.6583661707	-26.8987578657
-48.6497624119	-26.9034641959
-48.6484387572	-26.9072145531
-48.6427764546	-26.9101560075
-48.6427746989	-26.9101317374
-48.6415998729	-26.8938897572
-48.6369670805	-26.8673431176
-48.6317092285	-26.8449145162
-48.6279588713	-26.835354784
-48.6228113246	-26.8274863909
-48.6203846237	-26.8261627353
-48.6203750128	-26.8261743489
-48.6186197501	-26.8282952904
-48.6185970521	-26.8282713317
-48.6159724388	-26.8255009084
-48.6159367999	-26.8254999044
-48.6107513557	-26.825353835
-48.6094276996	-26.8259421264
-48.6105307459	-26.8279276081
-48.6094276997	-26.8291041913
-48.6094058964	-26.8290816362
-48.607295144	-26.8268980997
-48.6038389334	-26.8262362732
-48.6038359572	-26.8262386542
-48.602368206	-26.8274128547
-48.6023566332	-26.82738669
-48.5989855307	-26.8197650685
-48.5995738221	-26.8159411762
-48.596485293	-26.8045430348
-48.5916318906	-26.797262932
-48.5890581165	-26.7962334224
-48.5890495522	-26.7962408816
-48.5867784885	-26.7982189048
-48.5867586016	-26.798198415
-48.5843517876	-26.795718668
-48.5836899599	-26.794762694
-48.5864843422	-26.7929242837
-48.5874403155	-26.7897622196
-48.5852342252	-26.786453082
-48.584856555	-26.7864095049
-48.5833222793	-26.7862324719
-48.5833222932	-26.7862324416
-48.5844988619	-26.7837322347
-48.5871461722	-26.7829233341
-48.5903817743	-26.7858647888
-48.5943527386	-26.7839528441
-48.5977354121	-26.7789523689
-48.5980295582	-26.7763050579
-48.5958970031	-26.7729959205
-48.598367253	-26.7724873398
-48.5983972401	-26.772481166
-48.6039124691	-26.7794671227
-48.6017799136	-26.7812319967
-48.601574662	-26.7836950181
-48.6015593051	-26.7838793068
-48.6035465164	-26.7857548773
-48.604831674	-26.7869678353
-48.604897663	-26.7880236588
-48.6049787464	-26.7893210011
-48.6155679886	-26.7904240458
-48.6203478545	-26.7891739276
-48.6300546578	-26.783070405
-48.6345403788	-26.7779228585
-48.6404600585	-26.7665247176
-48.6435485879	-26.7657158168
-48.6468347328	-26.7622836202
-48.6468577265	-26.7622596051
-48.6516004691	-26.7706700715
-48.652372954	-26.7720399461
-48.6552408756	-26.7723340917
-48.666418407	-26.7693926372
-48.6711982739	-26.7645392342
-48.6756839928	-26.7540235301
-48.6817139777	-26.7242412882
-48.6811992239	-26.7032834145
-48.6791402049	-26.6985035481
-48.6867144534	-26.6904145458
-48.6884057896	-26.6754866573
-48.6831111687	-26.6458514882
-48.6813462968	-26.6429835699
-48.6828905609	-26.6391596762
-48.679507886	-26.633129692
-48.6793608139	-26.6243053231
-48.6723013184	-26.6010678216
-48.6621296936	-26.5751631048
-48.6620797604	-26.5750359374
-48.6682451912	-26.5842140234
-48.6685509624	-26.5846692061
-48.6687526174	-26.58572069
-48.6706099823	-26.5954055188
-48.6795078871	-26.620849113
-48.6806243131	-26.6302270975
-48.6809786143	-26.6332032278
-48.6832582429	-26.6294528716
-48.6829640967	-26.625481906
-48.6684944142	-26.5825237347
-48.6787483192	-26.578245128
-48.683248236	-26.5735239051
-48.6867153851	-26.5724173679
-48.6932760005	-26.5761038096
-48.6942443675	-26.5766479402
-48.6944611393	-26.5767697449
-48.6947617642	-26.5787856967
-48.6957013702	-26.5850865812
-48.6957152151	-26.5851794225
-48.6977807498	-26.587318727
-48.6949775232	-26.5757369772
-48.6890391116	-26.5716059068
-48.6890120222	-26.5716103721
-48.6870803226	-26.5719287845
-48.6823261229	-26.5727124449
-48.6778262069	-26.5770648206
-48.6758634696	-26.5774843362
-48.6681624535	-26.5791303561
-48.6681516131	-26.5791213222
-48.6668346094	-26.5780238199
-48.6635887687	-26.5657781476
-48.6551053223	-26.5529423224
-48.6530397856	-26.5441637983
-48.6446301063	-26.5317705886
-48.6453770079	-26.5333599465
-48.6537048384	-26.5510810161
-48.6541638376	-26.5520577365
-48.6617977151	-26.5683021209
-48.66084593	-26.5696346189
-48.6629398574	-26.5722996157
-48.6606555758	-26.5730610432
-48.6606497359	-26.5730471422
-48.6431427401	-26.5313728862
-48.6201095579	-26.488542589
-48.6097351099	-26.4725526125
-48.5935547761	-26.4542783517
-48.5973018111	-26.4491661597
-48.5992327108	-26.4414425609
-48.5991191282	-26.4328103061
-48.597869722	-26.4249731261
-48.5957116583	-26.4171359472
-48.5927471593	-26.409185184
-48.5887490625	-26.3993716727
-48.5792990129	-26.3827735111
-48.5715451288	-26.3705369095
-48.5654874033	-26.3601176249
-48.5615256545	-26.3500375745
-48.5567763991	-26.3354021135
-48.5525117618	-26.3245466748
-48.5442732584	-26.3073912013
-48.5361316763	-26.2926588188
-48.5311885754	-26.28345108
-48.526536243	-26.2748248811
-48.5216900651	-26.266877148
-48.5151961853	-26.2567001725
-48.510350007	-26.2484616683
-48.5048253626	-26.2386723892
-48.5021115032	-26.2360554524
-48.4999791861	-26.2350862165
-48.4983314836	-26.2342139046
-48.4980407126	-26.2328569735
-48.4991068723	-26.2317908151
-48.4993976427	-26.2307246551
-48.4985253308	-26.2295615726
-48.4970714777	-26.2286892602
-48.4959083948	-26.2279138727
-48.4962960892	-26.2268477132
-48.4962960891	-26.2259754005
-48.4953268537	-26.2235523121
-48.4949391597	-26.2214199924
-48.4934853051	-26.2196753685
-48.4928068406	-26.2184153622
-48.4932914594	-26.2178338211
-48.4941637703	-26.2175430504
-48.4950360826	-26.2175430498
-48.4958114719	-26.2170584314
-48.4962700855	-26.2168749861
-48.4962960898	-26.2168645845
-48.4968776307	-26.2179307436
-48.4971339108	-26.2187850087
-48.4971684015	-26.2188999788
-48.4981376373	-26.2200630623
-48.4987191786	-26.2203538328
-48.4993976437	-26.2195784447
-48.4999621857	-26.2192961724
-48.4999791845	-26.2192876734
-48.5009484202	-26.2199661375
-48.5011422672	-26.2208384501
-48.5004638014	-26.2228738453
-48.501430769	-26.2244561551
-48.5015299619	-26.2246184704
-48.5032745869	-26.2264600182
-48.5052130586	-26.2267507892
-48.5087992297	-26.226460018
-48.5125792489	-26.2252000121
-48.5154869562	-26.2234553873
-48.5183946642	-26.2211292226
-48.5208177533	-26.218221515
-48.5233377648	-26.2131814893
-48.5251793136	-26.2084322323
-48.5268270154	-26.2029075896
-48.5274085563	-26.1968983288
-48.527602403	-26.1903075261
-48.5269239382	-26.1840074936
-48.5253731609	-26.1787736208
-48.5239193075	-26.1752843728
-48.5231439185	-26.1722797414
-48.5232408427	-26.169953576
-48.5237254608	-26.1681120276
-48.5247916192	-26.1675304874
-48.5255670088	-26.1670458693
-48.5264393202	-26.1657858625
-48.5273116322	-26.1644289331
-48.5284747158	-26.1636535447
-48.5300254927	-26.1630720023
-48.531381915	-26.162878228
-48.5313824223	-26.1628781555
-48.532448582	-26.1638473912
-48.532739092	-26.1644284112
-48.5330301229	-26.165010474
-48.5339024356	-26.1657858615
-48.5343534921	-26.16601139
-48.5352593655	-26.1664643268
-48.5356470598	-26.1674335626
-48.5350655194	-26.1682089511
-48.5350832456	-26.1682479493
-48.5355501363	-26.1692751101
-48.5377793773	-26.1703412705
-48.5402993921	-26.1709228113
-48.5417532446	-26.1709228106
-48.5443701809	-26.171504353
-48.546114806	-26.1716012755
-48.5486348191	-26.1715043526
-48.5510579089	-26.1708258881
-48.5525117605	-26.1704381939
-48.5545471566	-26.170438193
-48.556291781	-26.1715043526
-48.5592964122	-26.1733458994
-48.5620902112	-26.1760495774
-48.5623010422	-26.1762536075
-48.5646272083	-26.1788705436
-48.5654990689	-26.1810898247
-48.5656933676	-26.1815844039
-48.5687949222	-26.1842013393
-48.5712180107	-26.1856551949
-48.574222642	-26.1872059714
-48.5761611135	-26.1884659783
-48.5784872779	-26.1899198309
-48.5803288258	-26.1910829133
-48.5810299978	-26.1915114084
-48.5820734499	-26.1921490743
-48.5824449904	-26.1933121569
-48.5824098098	-26.193306599
-48.5783609443	-26.192666931
-48.5783505261	-26.1926682337
-48.5768380879	-26.1928572882
-48.5768234349	-26.1928524035
-48.5745538068	-26.1920958616
-48.571888811	-26.1900019362
-48.5686527433	-26.1894308644
-48.5686328294	-26.1894308647
-48.5637034652	-26.189430865
-48.5625613235	-26.190763364
-48.5595156136	-26.193809074
-48.5570409748	-26.1974258547
-48.5549470492	-26.200852277
-48.5554093155	-26.20393406
-48.5555181187	-26.2046594152
-48.5581138916	-26.206186341
-48.5587541843	-26.2065629843
-48.5612342664	-26.210531112
-48.5616095395	-26.2111315489
-48.5652263201	-26.214367616
-48.5699852411	-26.2145579732
-48.5742682721	-26.2143676154
-48.5795982653	-26.2137965451
-48.5843571876	-26.2126544044
-48.5868318256	-26.2126544039
-48.590638963	-26.2147483298
-48.593113601	-26.214938686
-48.5973014535	-26.2172229686
-48.6012989471	-26.2187458239
-48.6043557631	-26.2204925755
-48.605296442	-26.2210301062
-48.6061943476	-26.2232748709
-48.6064385833	-26.2238854596
-48.6106264346	-26.2271215272
-48.6146239302	-26.2295961669
-48.6172889246	-26.2305479513
-48.6218574904	-26.2309286646
-48.623951416	-26.2301672382
-48.6281392666	-26.2307383087
-48.630804263	-26.2307383085
-48.634040331	-26.230738307
-48.6363197891	-26.2326670799
-48.6365149703	-26.232832234
-48.6378474683	-26.2343550885
-48.6359438996	-26.2362586581
-48.6355631857	-26.2381622267
-48.6361275758	-26.2391297526
-48.636895684	-26.2404465092
-48.6385746101	-26.2407822941
-48.6397510363	-26.241017579
-48.6401317494	-26.2448247155
-48.6414642482	-26.2484414969
-48.6426063908	-26.2514872069
-48.6452713871	-26.2547232741
-48.6469845989	-26.257007557
-48.646794242	-26.2598629096
-48.6473040636	-26.262157103
-48.6475556702	-26.2632893336
-48.650982094	-26.2642411185
-48.6525175453	-26.2656668946
-48.65364709	-26.2667157571
-48.6545962033	-26.268851262
-48.6551699443	-26.2701421811
-48.659013967	-26.2708410938
-48.6593577963	-26.2709036086
-48.6598801534	-26.2716498328
-48.6606902944	-26.272807177
-48.6648781454	-26.2750914599
-48.6688756394	-26.2768046725
-48.6705888523	-26.2756625306
-48.6713870316	-26.2760253399
-48.672682777	-26.2766143148
-48.6726827769	-26.2790889546
-48.6743437232	-26.281718788
-48.6749670575	-26.2827057349
-48.6773626205	-26.2842558054
-48.6782031257	-26.2847996618
-48.6806018411	-26.2894257555
-48.6808681218	-26.2899392965
-48.6841041893	-26.2927946486
-48.6892438243	-26.2926042933
-48.6907666794	-26.2929850067
-48.6943834597	-26.2950789308
-48.6978098845	-26.2952692873
-48.6991423842	-26.2962210716
-48.7027591646	-26.2979342847
-48.7059628957	-26.2979342844
-48.705995231	-26.297934284
-48.7075180858	-26.2996474962
-48.7103734389	-26.3034546338
-48.7122770087	-26.3068810575
-48.7137998622	-26.3106881954
-48.7134191491	-26.3131628344
-48.7122770078	-26.316969972
-48.7134191482	-26.3190638975
-48.7146961767	-26.3210503866
-48.7151323598	-26.3217288942
-48.7215433189	-26.3272686066
-48.7228965659	-26.3284379475
-48.7218536347	-26.3330973345
-48.7154159904	-26.3388690157
-48.702096725	-26.3419768446
-48.6826358387	-26.3535279657
-48.6774457292	-26.3569880395
-48.6756339743	-26.3581958763
-48.6925551477	-26.3593628538
-48.7106433015	-26.3546949426
-48.7223130764	-26.3476930769
-48.733399363	-26.332522369
-48.7415682062	-26.3196856165
-48.739612654	-26.3137844013
-48.7388198448	-26.3138835026
-48.7325090473	-26.3146723519
-48.7325001534	-26.3146668318
-48.7260714013	-26.3106765725
-48.7322870578	-26.3029070003
-48.7409445814	-26.2922515903
-48.7520439678	-26.298911222
-48.7579058933	-26.3033479301
-48.7695756681	-26.2986800182
-48.7742435782	-26.2934286193
-48.75907287	-26.2922616436
-48.7579058924	-26.2852597777
-48.7584893828	-26.278549657
-48.7596563607	-26.2709643014
-48.7573224044	-26.2657129028
-48.7573224044	-26.2557935935
-48.7631572911	-26.2517091721
-48.7684086898	-26.2505421944
-48.7695756683	-26.2400393957
-48.7649077589	-26.2283696201
-48.7713261346	-26.2184503106
-48.766658225	-26.2038630916
-48.759656359	-26.2009456471
-48.7596563593	-26.2009593006
-48.7596563592	-26.2094062352
-48.7526544954	-26.2216594998
-48.7462361171	-26.2344962524
-48.7310654074	-26.2397476525
-48.722732381	-26.2414836997
-48.7243002665	-26.1678478816
-48.7453777807	-26.1064594393
