# kml2gmt: KML read from contours/south_america/CPRM/Tectonics_kml/Rio_de_la_Plata_Craton.kml
# Rio_de_la_Plata_Craton.kml
> -L"Rio_de_la_Plata_Craton.kml"
-59.9122428707	-29.221848111
-60.4929788729	-29.3595791075
-60.6197026421	-29.3795274026
-61.0016530977	-29.466175845
-61.0830887783	-29.5022937082
-61.1865567211	-29.5206596118
-61.5441117867	-29.6405453822
-61.7844367314	-29.7734249095
-62.1988723751	-29.9705718172
-62.494496225	-30.1236633335
-62.6712113493	-30.2564847791
-62.8612063645	-30.3771810338
-63.0554972449	-30.5891751826
-63.1443678253	-30.8042354211
-63.193732754	-31.0204958117
-63.259821769	-31.3049579419
-63.2996143876	-31.5902440847
-63.3021007265	-31.934084733
-63.2928820078	-32.3127053479
-63.2718514838	-32.7261121503
-63.2410834971	-33.2200877828
-63.2315474293	-33.58723584
-63.2249393184	-34.0115903688
-63.2392919667	-34.5727571526
-63.2192579224	-34.9975492412
-63.1945005019	-35.330801936
-63.1398178006	-35.6306940663
-63.1188528694	-35.690146227
-63.1186036566	-35.7154124316
-63.0835587267	-35.8677621424
-62.9803597304	-36.0921487612
-62.8203015612	-36.3415445739
-62.5316423445	-36.6411403411
-62.2229266535	-36.8592211072
-61.6943740539	-37.0700972226
-61.1050411158	-37.2913922315
-60.4817169518	-37.4404278349
-59.9302011187	-37.678714378
-59.9324696477	-37.6764622103
-59.9272019336	-37.6787379934
-59.4454477255	-37.8909328667
-58.8134965504	-38.1940709518
-58.331273158	-38.4820137136
-58.3312524349	-38.4820087114
-58.3038886333	-38.4724908674
-58.2800940232	-38.4665422149
-58.2384534556	-38.4463167964
-58.1337571714	-38.4094351508
-58.0825987597	-38.3903994627
-58.0290608871	-38.3689843137
-58.0100251991	-38.3582767391
-57.974333284	-38.3404307816
-57.9481592129	-38.3285334766
-57.8708267302	-38.301169675
-57.8446526592	-38.2904621005
-57.8375142761	-38.2857031785
-57.8279964321	-38.2702366819
-57.7744585595	-38.2464420719
-57.7244898784	-38.2262166533
-57.6995055378	-38.2131296178
-57.6840390413	-38.2059912348
-57.6305011686	-38.1679198587
-57.6114654806	-38.1476944401
-57.6078962891	-38.1381765961
-57.5995681756	-38.1250895606
-57.584101679	-38.114381986
-57.5686351825	-38.107243603
-57.5519789554	-38.102484681
-57.5412713809	-38.095346298
-57.5388919199	-38.083448993
-57.5353227284	-38.0477570779
-57.5329432674	-38.0346700423
-57.5258048844	-38.0251521983
-57.5269946149	-38.0168240848
-57.5424611114	-37.9965986662
-57.5436508419	-37.9799424392
-57.5388919199	-37.9668554037
-57.5234254234	-37.9145072615
-57.5198562319	-37.8930921125
-57.5103383878	-37.8633488499
-57.5020102743	-37.8431234314
-57.4901129693	-37.8252774738
-57.4556107847	-37.7860163672
-57.4377648272	-37.7622217572
-57.4199188696	-37.7467552606
-57.4056421036	-37.7300990336
-57.3473453089	-37.6825098135
-57.3259301599	-37.6622843949
-57.3116533939	-37.6515768204
-57.2961868973	-37.6444384374
-57.2830998618	-37.6337308629
-57.2640641737	-37.6158849053
-57.2426490247	-37.5980389478
-57.2259927976	-37.5778135292
-57.2057673791	-37.5647264937
-57.1914906131	-37.5575881107
-57.181972769	-37.5445010751
-57.170075464	-37.5326037701
-57.1201067829	-37.489773472
-57.1058300169	-37.470737784
-57.0534818747	-37.3886463793
-57.0368256477	-37.3565236557
-57.0189796901	-37.3327290456
-57.0094618461	-37.3113138966
-56.9928056191	-37.291088478
-56.980908314	-37.279191173
-56.9047655619	-37.1840127328
-56.8845401433	-37.1578386617
-56.8690736468	-37.1340440516
-56.8452790367	-37.1102494416
-56.8226741572	-37.073367796
-56.7965000861	-37.0412450724
-56.765567093	-37.0007942353
-56.7191676034	-36.9448769017
-56.6953729933	-36.9187028306
-56.6775270358	-36.8949082205
-56.6691989223	-36.8806314545
-56.6668194613	-36.8711136105
-56.6739578443	-36.8378011564
-56.6751475748	-36.8187654684
-56.6751475748	-36.7723659787
-56.6727681138	-36.7271562196
-56.6858551493	-36.5974755948
-56.6882346103	-36.5391788002
-56.6941832628	-36.46779497
-56.6965627239	-36.4237749414
-56.7048908374	-36.3833241043
-56.7120292204	-36.3595294942
-56.7263059864	-36.3404938062
-56.7382032915	-36.3202683876
-56.7548595185	-36.3024224301
-56.765567093	-36.2952840471
-56.7715157455	-36.2952840471
-56.7810335896	-36.3119402741
-56.7822233201	-36.3190786571
-56.7929308946	-36.3274067707
-56.8107768521	-36.3321656927
-56.8714531078	-36.3274067707
-56.8892990653	-36.3321656927
-56.9107142144	-36.3345451537
-56.9345088244	-36.3333554232
-56.9678212785	-36.3333554232
-57.0011337326	-36.3285965012
-57.0237386122	-36.3214581181
-57.0403948392	-36.3131300046
-57.0629997187	-36.3036121606
-57.1058300169	-36.276248359
-57.1331938184	-36.2607818625
-57.1522295065	-36.242935905
-57.1688857335	-36.2357975219
-57.2093365706	-36.1953466848
-57.2295619892	-36.1810699188
-57.2497874077	-36.1620342308
-57.2688230958	-36.1406190817
-57.2890485143	-36.1132552801
-57.3092739329	-36.0823222871
-57.34972477	-36.0133179179
-57.3628118055	-35.9895233078
-57.385416685	-35.8955345981
-57.385416685	-35.864601605
-57.3866064155	-35.838427534
-57.3794680325	-35.8170123849
-57.3723296495	-35.7872691223
-57.364001536	-35.7575258598
-57.34972477	-35.7230236752
-57.2938074363	-35.654019306
-57.2676333653	-35.6195171214
-57.2438387552	-35.5850149368
-57.2259927976	-35.5683587098
-57.1962495351	-35.5374257167
-57.165316542	-35.5088721847
-57.148660315	-35.4886467661
-57.1403322014	-35.4708008086
-57.1308143574	-35.4589035035
-57.1284348964	-35.441057546
-57.1284348964	-35.4303499715
-57.1331938184	-35.4113142834
-57.1617473505	-35.3649147938
-57.1807830385	-35.3446893753
-57.1879214216	-35.3339818007
-57.1903008826	-35.3220844957
-57.2200441451	-35.2780644671
-57.2355106417	-35.259028779
-57.2521668687	-35.2483212045
-57.2712025568	-35.232854708
-57.2866690533	-35.2126292894
-57.2997560888	-35.2031114454
-57.3116533939	-35.1888346794
-57.359242614	-35.1436249203
-57.4222983306	-35.0924665086
-57.4472826712	-35.0710513596
-57.4722670118	-35.0543951325
-57.4913026998	-35.038928636
-57.5139075794	-35.022272409
-57.5281843454	-35.0163237564
-57.5472200334	-35.0139442954
-57.5710146435	-35.0056161819
-57.5876708705	-34.9972880684
-57.6055168281	-34.9830113024
-57.6673828142	-34.9413707348
-57.6780903888	-34.9354220822
-57.6887979633	-34.9342323517
-57.7078336513	-34.9306631602
-57.7185412259	-34.9259042382
-57.7411461054	-34.9199555857
-57.7744585595	-34.9009198977
-57.7887353255	-34.8914020536
-57.8113402051	-34.8735560961
-57.8387040067	-34.8545204081
-57.8636883472	-34.842623103
-57.8732061912	-34.833105259
-57.8862932268	-34.830725798
-57.9374516384	-34.8342949895
-57.9529181349	-34.8295360675
-57.96481544	-34.823587415
-57.9826613975	-34.8081209184
-57.9945587025	-34.7914646914
-58.0040765466	-34.7855160389
-58.0183533126	-34.7795673864
-58.0433376532	-34.7783776559
-58.0635630717	-34.7748084644
-58.0790295682	-34.7700495423
-58.0980652563	-34.7581522373
-58.1123420223	-34.7522035848
-58.1313777104	-34.7498241238
-58.1646901644	-34.7486343933
-58.180156661	-34.7462549323
-58.194433427	-34.7367370883
-58.2087101931	-34.7200808612
-58.2348842641	-34.7010451732
-58.2765248317	-34.6820094851
-58.3181653993	-34.6570251446
-58.3298071292	-34.6457664624
-58.3321865902	-34.6368434836
-58.3393249732	-34.6106694125
-58.3518171435	-34.5969875117
-58.3589555265	-34.5821158805
-58.3815604061	-34.5684339797
-58.3946474416	-34.5678391144
-58.4202266474	-34.5517777526
-58.4458058533	-34.5351215256
-58.4588928888	-34.5250088163
-58.4672210023	-34.5184652986
-58.4725747896	-34.507757724
-58.4773337116	-34.4916963622
-58.4850669599	-34.4750401352
-58.5017231869	-34.4565993124
-58.5064821089	-34.4500557946
-58.5017231869	-34.4381584896
-58.4969642649	-34.4250714541
-58.4933950734	-34.4090100923
-58.4749542506	-34.3881898085
-58.459487754	-34.3858103475
-58.4440212575	-34.3721284467
-58.4446161228	-34.3608260069
-58.445210988	-34.3453595104
-58.4374777397	-34.3292981486
-58.4422366618	-34.3245392266
-58.4529442363	-34.3298930138
-58.4636518108	-34.3251340918
-58.4737645201	-34.3156162478
-58.4672210023	-34.3013394818
-58.4666261371	-34.287657581
-58.4773337116	-34.2817089285
-58.4939899386	-34.2745705455
-58.4910156124	-34.2698116234
-58.4785234421	-34.2739756802
-58.4648415413	-34.275760276
-58.4511596405	-34.2692167582
-58.4345034135	-34.2686218929
-58.4148728602	-34.2668372972
-58.4035704204	-34.2608886447
-58.3881039239	-34.2400683609
-58.4005960941	-34.2275761906
-58.3910782501	-34.2257915948
-58.3779912146	-34.2222224033
-58.3660939096	-34.209730233
-58.3536017393	-34.20259185
-58.3536017393	-34.1942637365
-58.3649041791	-34.1770126442
-58.3726374273	-34.1668999349
-58.3720425621	-34.1597615519
-58.3690682358	-34.1514334384
-58.3643093138	-34.105628814
-58.3625247181	-34.081834204
-58.3613349876	-34.0651779769
-58.3518171435	-34.0455474236
-58.3541966045	-34.0401936364
-58.3708528316	-34.0193733526
-58.3857244629	-34.0134247001
-58.4142779949	-34.0050965865
-58.4166574559	-34.001527395
-58.4142779949	-33.992009551
-58.4029755552	-33.9723789977
-58.4059498814	-33.9586970969
-58.4136831297	-33.9497741182
-58.4190369169	-33.9432306004
-58.4249855695	-33.9301435649
-58.4291496262	-33.9117027421
-58.4303393567	-33.9015900328
-58.4368828745	-33.8962362455
-58.4487801795	-33.8944516498
-58.459487754	-33.8986157065
-58.4612723498	-33.8944516498
-58.4630569456	-33.8813646142
-58.4577031583	-33.8730365007
-58.4541339668	-33.8658981177
-58.4529442363	-33.8551905432
-58.445210988	-33.8403189119
-58.4529442363	-33.8325856636
-58.4464007185	-33.8230678196
-58.4481853143	-33.8189037628
-58.461867215	-33.8165243018
-58.4761439811	-33.8058167273
-58.4826874989	-33.788565635
-58.4898258819	-33.779047791
-58.5005334564	-33.7730991385
-58.5106461657	-33.7600121029
-58.5261126622	-33.7350277624
-58.53265618	-33.7207509963
-58.5403894282	-33.7142074786
-58.5475278113	-33.7064742303
-58.5510970028	-33.6832744855
-58.546932946	-33.6553158187
-58.5380099672	-33.6118906553
-58.5427688892	-33.5952344283
-58.5397477529	-33.5869670081
-58.5351184003	-33.5743816781
-58.5309404873	-33.5564750923
-58.5281691083	-33.5421518671
-58.5283051277	-33.5171050908
-58.5312366297	-33.5016106977
-58.5355968564	-33.4849288166
-58.5356541293	-33.4741943856
-58.528615401	-33.4598549354
-58.521585509	-33.4443223534
-58.5102905856	-33.4287725809
-58.4961964804	-33.4060539337
-58.4877756795	-33.3869354429
-58.4793371942	-33.3713945353
-58.4694296968	-33.3641960582
-58.4623958103	-33.3522382383
-58.4596417227	-33.3379131809
-58.4568515051	-33.3295516884
-58.4483713105	-33.3223577517
-58.4342022105	-33.3163302244
-58.425709503	-33.3115202126
-58.4215107509	-33.3019586343
-58.4215737295	-33.2924168111
-58.4230724948	-33.2804961094
-58.4288615579	-33.2638240607
-58.4346176527	-33.2519226354
-58.4375333035	-33.2400080984
-58.436167463	-33.2316524718
-58.4291484724	-33.2196926752
-58.4263647492	-33.2113304094
-58.427845797	-33.2017949683
-58.4307528828	-33.1910732373
-58.4315180611	-33.1824290334
-58.4294560131	-33.1722809007
-58.4266775739	-33.1633222184
-58.4238801888	-33.1573453543
-58.420401631	-33.1471904817
-58.4155100397	-33.1364324828
-58.4098868916	-33.1292492072
-58.4063748911	-33.1244613423
-58.4064069896	-33.1196903083
-58.4071477895	-33.1149226448
-58.4142467305	-33.1131670141
-58.418498889	-33.1131869263
-58.4234714277	-33.1114208281
-58.427750567	-33.1072657458
-58.4306159216	-33.1025076607
-58.4327685627	-33.0983426654
-58.433515391	-33.0923820412
-58.4328374968	-33.0876077388
-58.4300189338	-33.0852092753
-58.4250712935	-33.0833973523
-58.4193958235	-33.0845638584
-58.4144247237	-33.0863298166
-58.4101738601	-33.0863097797
-58.4087608974	-33.0857066863
-58.4109061955	-33.0827348297
-58.4130671899	-33.0773773976
-58.412382575	-33.0737957556
-58.4067475814	-33.0689978524
-58.3989639734	-33.0677677774
-58.3918847971	-33.0671370576
-58.3819557767	-33.0688774566
-58.3734515198	-33.0694314249
-58.3656597794	-33.069392037
-58.3564513672	-33.0693448601
-58.3486596422	-33.0693044103
-58.3429840733	-33.0704674401
-58.3401239729	-33.0740307402
-58.3372457499	-33.0799794699
-58.3357930419	-33.0847429301
-58.3371607473	-33.0913105903
-58.3392505988	-33.0960928663
-58.3427578563	-33.1008825857
-58.3455656998	-33.1044757432
-58.3469652949	-33.1068686723
-58.3377843005	-33.1026454546
-58.3307163328	-33.1002221193
-58.3201059245	-33.0977791152
-58.3094727883	-33.0983170647
-58.3030956666	-33.0982815771
-58.2882109326	-33.0987938718
-58.2804263615	-33.0975563906
-58.2690992528	-33.0962977063
-58.2591995519	-33.0938536983
-58.2493054657	-33.0908125469
-58.2408136462	-33.0895683412
-58.2301914128	-33.0889068163
-58.2224032763	-33.0882620943
-58.2139333045	-33.084630631
-58.2075786065	-33.08220484
-58.1991098205	-33.0785723841
-58.1878027422	-33.0755172956
-58.1765186662	-33.0700757749
-58.1673664634	-33.0640510996
-58.161037141	-33.0592375604
-58.1568501844	-33.0526490248
-58.1519556982	-33.0460555414
-58.1498541885	-33.0436556724
-58.1449376602	-33.0394473308
-58.1364929529	-33.0340216501
-58.1308637192	-33.0304042184
-58.1259370418	-33.0273878491
-58.1181728901	-33.0249476627
-58.1097072071	-33.0219056044
-58.1040858578	-33.0176906407
-58.0977753781	-33.0116812729
-58.0936013931	-33.0044943356
-58.0901113362	-32.9996978127
-58.089464821	-32.993729176
-58.089544424	-32.9859766474
-58.089599516	-32.9806095052
-58.0896790674	-32.97285696
-58.0897463564	-32.9662971062
-58.0905271834	-32.9591460449
-58.0962413831	-32.9538199438
-58.1012233885	-32.9508738953
-58.1048083784	-32.9461284476
-58.1069843643	-32.9407764314
-58.1091541005	-32.9360207237
-58.1120129492	-32.933059071
-58.117011024	-32.9283232792
-58.119191722	-32.9223746549
-58.1206591141	-32.9170173709
-58.1242710182	-32.9092894919
-58.1257378698	-32.9039321294
-58.1264975723	-32.8985698049
-58.1279640979	-32.8932124011
-58.131580169	-32.8848878896
-58.1337587604	-32.8789389371
-58.136643815	-32.8729948149
-58.1402351908	-32.8670554738
-58.1445441981	-32.8599281098
-58.1481345006	-32.8539885123
-58.1503168672	-32.8474428388
-58.1532337234	-32.8379200327
-58.156133011	-32.8301862582
-58.157607796	-32.8236356516
-58.1576753366	-32.8164791456
-58.1591385262	-32.811121254
-58.1620363801	-32.8033872867
-58.1620867333	-32.7980198854
-58.1635549127	-32.7920655381
-58.164322388	-32.7855100773
-58.1664850969	-32.7807531466
-58.1679193722	-32.7783770104
-58.1721941241	-32.7742303997
-58.1764684753	-32.7700836351
-58.1786246709	-32.765922851
-58.1786849071	-32.7593626264
-58.1787451239	-32.752802393
-58.1787889045	-32.7480313097
-58.1788326769	-32.7432602244
-58.1788983136	-32.736103587
-58.1789584621	-32.7295433298
-58.17831301	-32.722978444
-58.17837317	-32.716418174
-58.1783950416	-32.7140326192
-58.1784333106	-32.7098578971
-58.1784770369	-32.7050867823
-58.1771044773	-32.7009028059
-58.1771482593	-32.696131685
-58.1771865601	-32.6919569523
-58.1772412607	-32.6859930432
-58.1822706817	-32.6758866493
-58.1851185942	-32.6729230313
-58.1886822588	-32.6687711172
-58.1908245976	-32.6658027992
-58.1908783387	-32.659838845
-58.1937682718	-32.6521038383
-58.1959313824	-32.6467498269
-58.1966950112	-32.6401939604
-58.1988735902	-32.6330506831
-58.2003469921	-32.6259028686
-58.2025143345	-32.6199523051
-58.2054177096	-32.6104277388
-58.2076000747	-32.6026878507
-58.2090669953	-32.596136286
-58.2119323207	-32.5907863503
-58.2133935038	-32.5848311204
-58.2134612062	-32.577077835
-58.213508061	-32.5717101712
-58.2107322694	-32.566921251
-58.207941046	-32.5639214937
-58.2051500071	-32.560921675
-58.2037624565	-32.558527133
-58.2037993244	-32.5543522812
-58.2031161473	-32.5519621883
-58.2059646139	-32.5484015588
-58.2102264455	-32.5442533053
-58.2145138401	-32.5371228426
-58.2166728095	-32.5317683161
-58.2195200865	-32.5282073501
-58.2223876856	-32.5222606616
-58.2245458138	-32.5169059748
-58.2253009433	-32.5109461657
-58.2253520897	-32.5049820137
-58.2246738065	-32.5019956021
-58.2211853927	-32.4983953766
-58.2169986274	-32.4941942661
-58.2156324496	-32.4894141776
-58.2142767786	-32.4834412433
-58.2129316588	-32.4762754573
-58.2109143552	-32.4655267424
-58.2089235644	-32.4517958938
-58.2089965125	-32.4434460342
-58.2055580084	-32.4344776161
-58.2028181762	-32.426109972
-58.2014747148	-32.4189440274
-58.1987198847	-32.412365549
-58.1952623419	-32.4057825233
-58.1953046751	-32.4010111566
-58.1953522879	-32.3956433662
-58.1954104641	-32.3890827264
-58.1933386536	-32.3848942947
-58.1891689614	-32.3794994421
-58.1849997555	-32.3741044551
-58.1801282249	-32.3687047673
-58.1759546278	-32.36390591
-58.1689814167	-32.3578955881
-58.1598790149	-32.3542565491
-58.1493775739	-32.3500109758
-58.1381914369	-32.3439704912
-58.1326103026	-32.3397570498
-58.1256417726	-32.3337443898
-58.1207758751	-32.3283424718
-58.1180179197	-32.3229551174
-58.1173617467	-32.3181788727
-58.117425372	-32.3116182842
-58.1174831943	-32.3056541071
-58.1161132856	-32.3020657709
-58.1161769613	-32.2955051679
-58.1148304288	-32.2895311398
-58.1113601535	-32.2853315487
-58.1093294355	-32.2775632613
-58.1079777542	-32.2721855762
-58.1052455844	-32.2644122578
-58.1052923955	-32.2596408964
-58.1053333481	-32.2554659517
-58.1067547425	-32.2536866222
-58.1117030515	-32.2501427287
-58.1180662421	-32.2454155913
-58.1223347626	-32.2394806629
-58.1259066612	-32.2329442982
-58.1280746056	-32.2263981443
-58.133054549	-32.2192747903
-58.1387409305	-32.2115595702
-58.1443984188	-32.2068262272
-58.1507734679	-32.2003080303
-58.1557446645	-32.1937801337
-58.1614110894	-32.1878531107
-58.1656576987	-32.1837058837
-58.1713228421	-32.177778387
-58.1769872417	-32.171850619
-58.1805204403	-32.1688911772
-58.1854665291	-32.1647477827
-58.1869325826	-32.1575994946
-58.1869802409	-32.1522315073
-58.1870437665	-32.1450741837
-58.1856998886	-32.1385042856
-58.1836498877	-32.1325262957
-58.1802195727	-32.1241534236
-58.1788978184	-32.1151976634
-58.1761639953	-32.1074256633
-58.1741259985	-32.1002546196
-58.1741796672	-32.0942901537
-58.1742815918	-32.0829576539
-58.1715382982	-32.0763784336
-58.1667100601	-32.0679960099
-58.1646952866	-32.0584390029
-58.1612475485	-32.0524513921
-58.159222742	-32.044087188
-58.1593045118	-32.035140442
-58.1593699025	-32.027983036
-58.1608083714	-32.0238171521
-58.16085187	-32.0190455389
-58.1581331472	-32.0100802016
-58.1561040014	-32.0023123672
-58.15618048	-31.9939620232
-58.1562405482	-31.987401031
-58.152165001	-31.9814609473
-58.1393930592	-31.9926563083
-58.1351095033	-32.0015745078
-58.1350142852	-32.0117141418
-58.1349470425	-32.0188715207
-58.1348517426	-32.0290111274
-58.1375575293	-32.0391697993
-58.1381628034	-32.0493141434
-58.1380957088	-32.0564714849
-58.1422035737	-32.0666395538
-58.1449500443	-32.0726229327
-58.1511997849	-32.0786297664
-58.1560600361	-32.0834340829
-58.1616323403	-32.0870499646
-58.1616051085	-32.0900321917
-58.1615506328	-32.0959966426
-58.158665744	-32.1049247203
-58.1578992643	-32.1120773791
-58.1535896384	-32.1233817382
-58.1486166875	-32.1305061236
-58.1436206533	-32.1400160454
-58.140042609	-32.147745964
-58.1392349934	-32.1590734802
-58.1377595714	-32.166817585
-58.1313859846	-32.1733351836
-58.1294543979	-32.1763275483
-58.1264028051	-32.1810549962
-58.1200044389	-32.1899576949
-58.1171583941	-32.1941131438
-58.1149789401	-32.2018519991
-58.1106595178	-32.2131545703
-58.1042572954	-32.2220563604
-58.1013918921	-32.228000672
-58.1006137929	-32.2357491708
-58.0970340688	-32.2428812054
-58.0941319779	-32.2524038303
-58.0933885743	-32.2565737292
-58.0940372011	-32.2619465309
-58.0953642537	-32.2697100276
-58.0938771636	-32.2780498059
-58.0916935544	-32.2857880864
-58.0916162437	-32.2935414863
-58.0936339002	-32.302502847
-58.0963898214	-32.3078907146
-58.1012532075	-32.3132935459
-58.1040040189	-32.3192776669
-58.1046360166	-32.3264396237
-58.1080548606	-32.3360071211
-58.1143197922	-32.3420158027
-58.1192033571	-32.3456287208
-58.1290116513	-32.3486790952
-58.1352958469	-32.3528975153
-58.1401751749	-32.3571060558
-58.1450437253	-32.3625072474
-58.1498905164	-32.3702939252
-58.1511958125	-32.3810388938
-58.1504314989	-32.3875947336
-58.1545936932	-32.3935872444
-58.1601846187	-32.3972033328
-58.1643643676	-32.4014062819
-58.1713351003	-32.4080132859
-58.1769113275	-32.4134179006
-58.1845870886	-32.4200287798
-58.1880550652	-32.425419246
-58.1901061912	-32.4319934177
-58.1921310052	-32.4415496379
-58.1927280419	-32.4534824721
-58.1947694842	-32.4612493846
-58.1946792465	-32.4713884354
-58.1925098444	-32.4779354641
-58.192435276	-32.4862852452
-58.1916728868	-32.4928412597
-58.1859190904	-32.5065224086
-58.1816039193	-32.5166339588
-58.1808458502	-32.5225934529
-58.1800930897	-32.5279565301
-58.1765129758	-32.5344939988
-58.172959667	-32.5380493281
-58.1693676356	-32.545779375
-58.1665178086	-32.5493391541
-58.1622426408	-32.5546786911
-58.1593533156	-32.5624130982
-58.1564746443	-32.5689546216
-58.1564299798	-32.5737258141
-58.1577830452	-32.5796992477
-58.1584373511	-32.5850715508
-58.1569669461	-32.5916224801
-58.1561841425	-32.5999673039
-58.1532646942	-32.6106834582
-58.1468262767	-32.6207792326
-58.1453657194	-32.6261371807
-58.1453090279	-32.6321010988
-58.1480719646	-32.6380841738
-58.1480097732	-32.6446444749
-58.1458211785	-32.6523831759
-58.1443486399	-32.6589338526
-58.1407719117	-32.6642772642
-58.1400096708	-32.6702363077
-58.1399296669	-32.6785857213
-58.141271635	-32.6857520141
-58.1425909986	-32.6953038281
-58.1418114418	-32.703052004
-58.1395864181	-32.7143687897
-58.1395291508	-32.7203326148
-58.1366322069	-32.7280661746
-58.133746287	-32.7346068911
-58.1337058983	-32.7387815486
-58.1343539339	-32.744750217
-58.1357078439	-32.7507237468
-58.1356214292	-32.7596694208
-58.1355522699	-32.7668259497
-58.1333073336	-32.7799315982
-58.1311080909	-32.7882661752
-58.1260721191	-32.7977737631
-58.1210702704	-32.8037028892
-58.1195872885	-32.8108494183
-58.1195167071	-32.8180058581
-58.1194578712	-32.8239695517
-58.1193931315	-32.8305296093
-58.1171971331	-32.8382674644
-58.1143001144	-32.8454039003
-58.1114026171	-32.8525402522
-58.1106246105	-32.8596916076
-58.1105055429	-32.8716188826
-58.1090144874	-32.8793615367
-58.1075470694	-32.8847187154
-58.1074992403	-32.8894896036
-58.1095662235	-32.8948719686
-58.1066905928	-32.8996226826
-58.0988776575	-32.9031450369
-58.0903631723	-32.9060653908
-58.0825244134	-32.9119721187
-58.0739650657	-32.9190658003
-58.0667999181	-32.9279584824
-58.0596333154	-32.9368507148
-58.0546380377	-32.9409877962
-58.0496295285	-32.9463173583
-58.0495848591	-32.9504917768
-58.0502412071	-32.9552679183
-58.0508848675	-32.9612367421
-58.0536447686	-32.9678180021
-58.0578201973	-32.9744098828
-58.0627101516	-32.9804105984
-58.0633799831	-32.9839939754
-58.0668366182	-32.9917729432
-58.0738077511	-33.0019634972
-58.0800725888	-33.0121484591
-58.0842581526	-33.018143138
-58.0884565495	-33.0229449902
-58.092643173	-33.0289393964
-58.0932901014	-33.0349079906
-58.0932412289	-33.0396787471
-58.0931923448	-33.0444494989
-58.0959639207	-33.0504334934
-58.0987237091	-33.0576101138
-58.1029247125	-33.0624114949
-58.107120141	-33.0678090827
-58.1148280038	-33.0762134444
-58.1254242382	-33.0792701432
-58.1289192459	-33.0840657017
-58.1331348155	-33.0876734029
-58.1430014038	-33.0931090939
-58.155703453	-33.0985632476
-58.1578063944	-33.1009630224
-58.1627212348	-33.1057672267
-58.1676422278	-33.1099748942
-58.1711855076	-33.1099985062
-58.1754541593	-33.1082376559
-58.1811232999	-33.1082750297
-58.1889128966	-33.1089223498
-58.195993954	-33.1095646174
-58.2023718434	-33.1096055954
-58.2101563764	-33.1108479474
-58.2158151022	-33.1120764578
-58.2229018584	-33.1121208449
-58.2264661443	-33.1097574559
-58.2314475155	-33.1074027091
-58.2349907085	-33.1074245059
-58.2385441912	-33.1062534817
-58.2427959701	-33.106279383
-58.2463391208	-33.1063008567
-58.2534153414	-33.1075362256
-58.2604867635	-33.1093675592
-58.2640051792	-33.1123703464
-58.2668151277	-33.115368869
-58.2717514516	-33.1183797731
-58.2774212818	-33.1184127756
-58.2831153414	-33.1154636967
-58.2873964684	-33.111909889
-58.2945070775	-33.1089683724
-58.3015936205	-33.1090082816
-58.3086801709	-33.1090477888
-58.3136268483	-33.1108643127
-58.3157251168	-33.1144542196
-58.3185414937	-33.1168552304
-58.3235025236	-33.116882258
-58.3284635575	-33.11690909
-58.335541773	-33.1181398203
-58.3397718398	-33.1211442791
-58.3447109714	-33.1241523258
-58.3489416351	-33.1271564789
-58.3524506216	-33.1319459244
-58.3545247654	-33.1391134217
-58.3565861746	-33.1480699947
-58.3593526955	-33.1576265458
-58.3592919755	-33.1659757274
-58.3578476577	-33.1695466377
-58.3592095298	-33.1773067401
-58.3591791445	-33.1814813181
-58.3591530929	-33.185059526
-58.3562854864	-33.189219461
-58.3548493929	-33.1915975849
-58.3548275305	-33.1945794173
-58.3562113085	-33.1993576928
-58.3568770901	-33.2053250192
-58.3568509234	-33.2089032109
-58.3568029361	-33.2154632259
-58.3560322586	-33.2238086542
-58.3538728242	-33.2279721607
-58.3538333535	-33.233339427
-58.3538026457	-33.2375139629
-58.355892363	-33.2428922638
-58.3558617431	-33.2470667959
-58.3558136132	-33.2536267684
-58.3536446255	-33.2589829631
-58.351497405	-33.2613573153
-58.3500246304	-33.2685062111
-58.3499716053	-33.2756625117
-58.3499229815	-33.2822224473
-58.3505844496	-33.2887860869
-58.3519649856	-33.2941607087
-58.3526354935	-33.2995316171
-58.3525826181	-33.3066878848
-58.3518150018	-33.3144367957
-58.3517708614	-33.3204003393
-58.3609533476	-33.3276044344
-58.3708649636	-33.3324260411
-58.382909169	-33.3372574739
-58.3899933927	-33.3402743518
-58.3984910028	-33.344490435
-58.4084025507	-33.3499054361
-58.4147660687	-33.3547066014
-58.4175689224	-33.3606835434
-58.4146742452	-33.3684228138
-58.4146263115	-33.3755790856
-58.414578363	-33.3827353509
-58.4152453186	-33.3892986038
-58.4173383053	-33.3952721783
-58.4194276037	-33.401842067
-58.41867686	-33.4078022719
-58.4150895054	-33.4125563829
-58.4107785192	-33.4190960612
-58.4096125762	-33.4207846704
-58.4079055141	-33.4232569723
-58.4057272116	-33.4298066183
-58.4021259575	-33.436349366
-58.3971014343	-33.4428850879
-58.3928083415	-33.4464423449
-58.3906282975	-33.4529916822
-58.3905949237	-33.4577624452
-58.3955421934	-33.4625575877
-58.3983594413	-33.466745849
-58.4011851591	-33.4697413557
-58.4082807024	-33.472757254
-58.4118145543	-33.4763522624
-58.4160523581	-33.4811432171
-58.4202906245	-33.4859340284
-58.4238176003	-33.4907213888
-58.424485955	-33.4972844946
-58.4258741375	-33.5026582034
-58.4286862758	-33.5080384658
-58.4286510034	-33.5134055643
-58.4300435968	-33.5181828732
-58.4321327671	-33.525348803
-58.4320859867	-33.5325049173
-58.4298948974	-33.540843887
-58.4298596548	-33.5462109582
-58.4290846918	-33.5557491217
-58.4283606221	-33.5575348543
-58.4283174033	-33.5640945864
-58.4275656976	-33.5700546813
-58.4232555883	-33.5754018791
-58.4224795898	-33.584939946
-58.4202981444	-33.5914896461
-58.4202422876	-33.5998383381
-58.420190401	-33.6075906837
-58.420142488	-33.6147466868
-58.4200945592	-33.6219026807
-58.4207634914	-33.6284656766
-58.4206996164	-33.6380069812
-58.4206317163	-33.6481445996
-58.4205917592	-33.6541078977
-58.4205517904	-33.66007119
-58.4254803764	-33.6696357512
-58.4318484076	-33.6774176951
-58.4353719675	-33.6839936516
-58.433177141	-33.6923324403
-58.4316914307	-33.7012707847
-58.4273392916	-33.711984871
-58.4229860524	-33.7226987741
-58.4186477968	-33.7310272056
-58.418587463	-33.7399720268
-58.4185230775	-33.7495131553
-58.4177326028	-33.7608398603
-58.4183901857	-33.7691916853
-58.4197579804	-33.7781431741
-58.4211420954	-33.7847093703
-58.4232286458	-33.7930678362
-58.4253116047	-33.8020225757
-58.4266925233	-33.8091850082
-58.4287960276	-33.8151581
-58.4301853416	-33.8211278553
-58.4272757462	-33.8288666964
-58.4222298208	-33.8354028016
-58.4171993134	-33.8395534434
-58.4135976471	-33.8437106756
-58.4114127602	-33.84966356
-58.4113718575	-33.8556266516
-58.4113309428	-33.86158974
-58.4141413248	-33.8687590623
-58.4183820365	-33.8759350727
-58.4204905615	-33.881311946
-58.4204421773	-33.8884676317
-58.4189837968	-33.8926350424
-58.4182282323	-33.8985947273
-58.4184930827	-33.9044805117
-58.4137341609	-33.9168537094
-58.3975558741	-33.9283396333
-58.3813154179	-33.9434482136
-58.3651432085	-33.9557390926
-58.3399145639	-33.9660893057
-58.3237063867	-33.9699638891
-58.2968520282	-34.0048745559
-58.2887957211	-34.0223298889
-58.2807394129	-34.0303861967
-58.2579132085	-34.0464988117
-58.2391151565	-34.062611427
-58.2136035155	-34.1069211189
-58.2122607982	-34.1337754783
-58.2149462336	-34.1485453761
-58.206658662	-34.161987315
-58.1437821804	-34.1660007084
-58.10350064	-34.1713715788
-58.1034216707	-34.1714146536
-58.073960846	-34.1874841949
-58.0699326922	-34.1982259382
-58.0685899738	-34.2076249637
-58.0618763857	-34.2143385544
-58.0618763844	-34.2304511694
-58.0175666936	-34.2465637851
-57.9920550532	-34.2626763991
-57.9705715655	-34.2855026056
-57.9544589505	-34.3069860927
-57.9141774095	-34.3486103486
-57.8967220785	-34.3700938363
-57.8886657702	-34.4009763484
-57.8886657712	-34.4197743989
-57.8859803361	-34.4318588608
-57.8765813091	-34.4372297326
-57.8644968484	-34.4412578849
-57.8643927076	-34.4412694564
-57.8524123868	-34.4426006045
-57.852372783	-34.4426402081
-57.8403279244	-34.4546850661
-57.8443090932	-34.4653015153
-57.8443560786	-34.4654268092
-57.8507952206	-34.4707927609
-57.8524123859	-34.4721403988
-57.8521025846	-34.4721662158
-57.8362997714	-34.473483117
-57.7987036687	-34.4681122462
-57.7839337718	-34.4694549633
-57.783743735	-34.469511974
-57.7705065922	-34.4734831176
-57.7704917617	-34.4734723312
-57.7557366935	-34.4627413744
-57.740966796	-34.4573705015
-57.7248541812	-34.4546850655
-57.7248050761	-34.4547832756
-57.7221687448	-34.4600559371
-57.7219581404	-34.4600176454
-57.692628951	-34.4546850651
-57.668460029	-34.4426006044
-57.6483192603	-34.4372297327
-57.6013241315	-34.4291734239
-57.5811833627	-34.4238025523
-57.5623853117	-34.4264879888
-57.5623625507	-34.4265153022
-57.5489581327	-34.4426006038
-57.5341882354	-34.4560277847
-57.5340727978	-34.45595869
-57.5058300669	-34.4390540601
-57.4779575292	-34.4288341295
-57.4615436983	-34.426975959
-57.4612993927	-34.4270370353
-57.4516334629	-34.4294535191
-57.4454395655	-34.4319310783
-57.443271701	-34.4356474163
-57.4435813953	-34.4412219245
-57.4404844473	-34.4421510091
-57.4404581668	-34.4421414524
-57.4064180098	-34.4297632134
-57.3850490639	-34.4279050441
-57.3593443854	-34.4288341279
-57.3591273143	-34.4288912523
-57.3475759807	-34.4319310761
-57.3475641129	-34.4319255375
-57.3382851344	-34.4275953487
-57.3348784904	-34.4235693153
-57.3320912365	-34.4235693149
-57.332026609	-34.4236274798
-57.3298071523	-34.4256249921
-57.3289942887	-34.4263565693
-57.321561611	-34.4241887046
-57.3271361187	-34.4272856528
-57.3314718473	-34.4269759585
-57.3334622588	-34.4252698915
-57.3336397113	-34.4251177894
-57.3355107024	-34.4274045551
-57.3364269659	-34.428524432
-57.3496018615	-34.4338504553
-57.3509826251	-34.4344086367
-57.3512923188	-34.4362668054
-57.3454081168	-34.4402928384
-57.3452168184	-34.4403077451
-57.3215616107	-34.442151008
-57.2831594458	-34.4356474159
-57.2240077242	-34.4368861945
-57.2110005395	-34.4378152796
-57.1664044757	-34.445867347
-57.1524682055	-34.4461770425
-57.1524340821	-34.446228228
-57.1512294264	-34.4480352122
-57.151019269	-34.4480288436
-57.1410094944	-34.4477255161
-57.1323380373	-34.4495836865
-57.132332108	-34.4495868542
-57.1097303106	-34.4616617875
-57.1081818377	-34.4647587357
-57.0979619055	-34.4706429374
-57.0830965518	-34.4861276816
-57.0660633344	-34.5121420524
-57.0623469957	-34.5229813732
-57.0536755395	-34.5304140499
-57.0072213065	-34.5531766251
-56.9765615121	-34.5754746551
-56.9561216498	-34.5931272638
-56.9517859224	-34.5990114674
-56.9109061973	-34.626574311
-56.8994474887	-34.642678446
-56.8954214545	-34.6550662407
-56.8910857258	-34.657388952
-56.8368891223	-34.6741124755
-56.829146748	-34.6784482057
-56.8210946816	-34.687119662
-56.8124232257	-34.6899069149
-56.8122980589	-34.6899185582
-56.7991063449	-34.691145695
-56.7989647927	-34.6911873279
-56.7885767196	-34.6942426445
-56.7884814444	-34.694248726
-56.7594654009	-34.6961008134
-56.7275668278	-34.7010559311
-56.7273362284	-34.7011039339
-56.6516915815	-34.71685037
-56.6219608727	-34.7273799968
-56.6142185001	-34.7323351143
-56.5826296231	-34.7450326053
-56.5640479303	-34.7568010105
-56.5566152525	-34.7595882642
-56.5565390357	-34.7595729275
-56.5058252924	-34.7493683315
-56.4522480785	-34.7509168061
-56.4521414234	-34.7509604376
-56.431808215	-34.7592785673
-56.4147749969	-34.7691888051
-56.4076520143	-34.7716663635
-56.4075100997	-34.7716775669
-56.3958836088	-34.7725954491
-56.3957645746	-34.7726324818
-56.3819473384	-34.7769311763
-56.3760631352	-34.7834347692
-56.3758882395	-34.78340421
-56.363233054	-34.7811929904
-56.3532818447	-34.7822928148
-56.347880902	-34.7812669043
-56.3420671855	-34.773027364
-56.3418488357	-34.7734761556
-56.341119265	-34.7749757029
-56.3438548687	-34.7812669054
-56.3452842034	-34.7830535728
-56.3463324288	-34.7843638539
-56.3534822955	-34.785354548
-56.3546605768	-34.7855178124
-56.3552720328	-34.7877864174
-56.3532227478	-34.7905085832
-56.3528360191	-34.7910222943
-56.3551841816	-34.7920896404
-56.3562426638	-34.7925707687
-56.3582532074	-34.7965918584
-56.3584105272	-34.7969064978
-56.362746255	-34.8003131402
-56.3773019128	-34.7984549716
-56.3875224996	-34.7993567865
-56.3878315402	-34.799384055
-56.389215289	-34.8009407716
-56.3903091002	-34.8021713097
-56.3983611657	-34.8049585633
-56.4033150743	-34.808673994
-56.4045550641	-34.8096039866
-56.4087288381	-34.8165602766
-56.4092004873	-34.8173463585
-56.4282277918	-34.8281379628
-56.4299500453	-34.8291147636
-56.4280918751	-34.8325214073
-56.4234464522	-34.8368571371
-56.4147749949	-34.8399540851
-56.3906187957	-34.8445995083
-56.3794697797	-34.8535806598
-56.3788503889	-34.8569873041
-56.3602686961	-34.866587847
-56.3600959894	-34.8665964821
-56.347880901	-34.8672072352
-56.3478374076	-34.8672434804
-56.3441645619	-34.8703041833
-56.336422191	-34.8724720478
-56.3336349365	-34.8743302176
-56.3311573788	-34.8808338092
-56.3330155458	-34.8860986224
-56.3296089048	-34.8910537407
-56.3294054686	-34.8910380917
-56.3255828703	-34.8907440457
-56.3255075237	-34.8908032463
-56.3212471409	-34.8941506902
-56.3144338544	-34.9015833662
-56.3147435497	-34.9040609249
-56.3122659905	-34.9049900106
-56.3121982057	-34.9049691533
-56.308239957	-34.9037512302
-56.308859347	-34.8978670274
-56.2974006348	-34.8913634364
-56.2972120946	-34.8914414532
-56.2884194834	-34.8950797753
-56.2874903988	-34.8984864188
-56.2840837562	-34.8997251974
-56.2840807202	-34.8996826976
-56.2837740608	-34.8953894692
-56.2800577228	-34.8935313005
-56.2799354535	-34.8936382863
-56.277580162	-34.8956991643
-56.2772704686	-34.9000348929
-56.2738638239	-34.9018930613
-56.273819474	-34.9018290004
-56.2710765709	-34.8978670279
-56.270696386	-34.8981173939
-56.2583790813	-34.9062287903
-56.258309116	-34.9061588259
-56.2562112151	-34.9040609265
-56.257449995	-34.898796113
-56.2441331154	-34.8941506899
-56.2432040292	-34.8833113694
-56.2463009794	-34.8811435049
-56.2469203682	-34.8774271658
-56.2413458607	-34.8771174719
-56.2412046476	-34.8771683084
-56.2336034888	-34.8799047261
-56.2335269492	-34.8798894185
-56.2289580643	-34.8789756401
-56.2240029489	-34.8734011327
-56.213232061	-34.8742623625
-56.2131868705	-34.8742912821
-56.1986079672	-34.8836210645
-56.1977267216	-34.8988959912
-56.1976788832	-34.8997251971
-56.2131987208	-34.9051858821
-56.2144024073	-34.905609401
-56.2162605756	-34.9114936037
-56.216005169	-34.9115034722
-56.1971232884	-34.9122330418
-56.1969569902	-34.9122746163
-56.1741107524	-34.917986177
-56.1603032341	-34.9340949506
-56.1601923099	-34.9339840266
-56.1430438335	-34.9168355506
-56.1257844343	-34.9030280304
-56.1085250344	-34.8972748977
-56.0889643805	-34.8995761495
-56.0671024741	-34.898425522
-56.0498430728	-34.8880698831
-56.0325836729	-34.8834673767
-55.9428347928	-34.8305385492
-55.8691946847	-34.7960197504
-55.8542365379	-34.7971703758
-55.8289227514	-34.7833628541
-55.7990064559	-34.7753084693
-55.7748432966	-34.7730072146
-55.7747301821	-34.7730586301
-55.7621864037	-34.778760349
-55.7619538372	-34.7787991099
-55.7483788843	-34.7810616032
-55.6862450433	-34.7591996943
-55.6860345718	-34.7592464657
-55.6655337635	-34.7638022015
-55.6528768704	-34.7787603491
-55.6527093312	-34.778721686
-55.6229605736	-34.7718565892
-55.5895924007	-34.7707059619
-55.5895183901	-34.770749135
-55.561977361	-34.7868147346
-55.5389648271	-34.7914172418
-55.5297598138	-34.7994716285
-55.5303387572	-34.7940792769
-55.5327887122	-34.7948634789
-55.5358573432	-34.7696648632
-55.5215797203	-34.7453946483
-55.521579126	-34.7282624931
-55.5215781363	-34.6997089024
-55.5144942407	-34.679347621
-55.5101555755	-34.6668725418
-55.5101540474	-34.6226144762
-55.5101529147	-34.5897778461
-55.5047513415	-34.5496113977
-55.4866656714	-34.4986912509
-55.4667562356	-34.3896091683
-55.4395961912	-34.2037115354
-55.4310467866	-34.1510811093
-55.4000717867	-34.0537116137
-55.3742713287	-33.9862160873
-55.3492989168	-33.8727544707
-55.3553794243	-33.729620255
-55.3877046857	-33.5729192249
-55.4555293764	-33.3813899011
-55.523017882	-33.1897993831
-55.6327093643	-32.9993019264
-55.740322276	-32.8516382258
-55.8764881961	-32.604226903
-56.0186490284	-32.4069570872
-56.2036440613	-32.1674383164
-56.3886370564	-31.8917587423
-56.5378129935	-31.6581039152
-56.6360188429	-31.4233145566
-56.733184055	-31.2099241097
-56.7692548007	-31.0958064674
-56.7913829145	-30.8595126389
-56.8156172041	-30.5228261261
-56.8456791896	-30.2866297247
-56.8915985487	-30.0721887195
-56.9703599124	-29.8510546095
-57.0729725393	-29.6517262282
-57.1579836786	-29.4951037527
-57.2914966643	-29.3605692417
-57.4444440092	-29.2831453445
-57.5916486295	-29.2549951978
-58.0903465376	-29.1961927401
-58.4790749295	-29.1739146155
-58.7444337143	-29.1700735445
-58.7444482744	-29.1700733337
-58.7444441505	-29.1700512111
-59.3399186107	-29.1663443173
-59.3400155687	-29.1663537684
-59.3426383471	-29.166337388
-59.9122428707	-29.221848111
