# kml2gmt: KML read from contours/south_america/CPRM/Tectonics_kml/Sao_Luiz_Craton2.kml
# Sao_Luiz_Craton2.kml
> -L"Sao_Luiz_Craton2.kml"
-47.0825762245	-0.770724575426
-47.0907592424	-0.760465726299
-47.0931905727	-0.753252625902
-47.0933853754	-0.745936520266
-47.0908642999	-0.734603468731
-47.0934763442	-0.720306472088
-47.0806893242	-0.71000247437
-47.0766277713	-0.702471310036
-47.0773373216	-0.696559824306
-47.0854577642	-0.681439642877
-47.0922269253	-0.676993986376
-47.1004198998	-0.677052995971
-47.1136799535	-0.679882544213
-47.1190557017	-0.684297972756
-47.1202683548	-0.685293998149
-47.12343465	-0.703550535629
-47.1311228481	-0.718123661062
-47.1344752221	-0.732111655088
-47.134487113	-0.73216126968
-47.1480085187	-0.745835586704
-47.1555681172	-0.748171509752
-47.1560132641	-0.748309060527
-47.157871665	-0.750979216646
-47.158801649	-0.76344931116
-47.1587875663	-0.763474983218
-47.1513608661	-0.777013164869
-47.1496417472	-0.784433214772
-47.1496507488	-0.78445662982
-47.1503747088	-0.786339761245
-47.1508459588	-0.787565557183
-47.1557640859	-0.788152042862
-47.1585686125	-0.786054630312
-47.1653093775	-0.772799599808
-47.1759815461	-0.758548189803
-47.1743878546	-0.744519245728
-47.1665908055	-0.726322720174
-47.1649360001	-0.715836494115
-47.1656897331	-0.708602787733
-47.1699614364	-0.699467921821
-47.1739628481	-0.682298017512
-47.1789932873	-0.679610012282
-47.1826088501	-0.680541036574
-47.1829354779	-0.680625144483
-47.1982182905	-0.700679913357
-47.1988637352	-0.701526894109
-47.2037863661	-0.705267491105
-47.2104490622	-0.704761969882
-47.2205105766	-0.700204247954
-47.2279482025	-0.70092838914
-47.2379429437	-0.704314950204
-47.2053673015	-0.862360181356
-47.1898187604	-0.931354192762
-47.1756293785	-0.99424147475
-47.1447377455	-1.07612216526
-47.1100445711	-1.11902104123
-47.0906820921	-1.14295424438
-47.0524014747	-1.17637186167
-47.0033330301	-1.22718094961
-46.939513795	-1.2932183548
-46.8838456622	-1.37037718762
-46.8072195523	-1.45150371525
-46.6800197658	-1.55548589624
-46.6048336487	-1.60414008519
-46.5780305564	-1.64231210545
-46.540865738	-1.70285085936
-46.4974537413	-1.87112682798
-46.4680043713	-1.95588526523
-46.427727755	-2.038241602
-46.400675004	-2.139219416
-46.3003924281	-2.26273887363
-46.1706940514	-2.36567489125
-46.1011336848	-2.44790821571
-46.0165595803	-2.50706973089
-45.8894815774	-2.56345718652
-45.5869043725	-2.73636213921
-45.3237249641	-2.83993816742
-44.9454768513	-3.06307832007
-44.7458049362	-3.18098754835
-44.7439409492	-3.18070078106
-44.7289527629	-3.17647024477
-44.7154150445	-3.15374622059
-44.7096131656	-3.1556801798
-44.7018773265	-3.14601038276
-44.6854386706	-3.13537360504
-44.6767358539	-3.11506702916
-44.6583632374	-3.09379347406
-44.611948209	-3.0502793837
-44.6061463293	-3.034807707
-44.6158161278	-3.0261048894
-44.6361227025	-3.02417092942
-44.6554622988	-3.01643509087
-44.6709339743	-3.00386435372
-44.6786698128	-2.97775590029
-44.6825377306	-2.95068046699
-44.6835047114	-2.92070409377
-44.6728679337	-2.89749657839
-44.6554622977	-2.88492584127
-44.6380566629	-2.86171832646
-44.633221763	-2.85108154796
-44.6351557228	-2.84141175059
-44.6495987271	-2.81424977594
-44.6504574634	-2.79879252053
-44.6358589457	-2.76014938493
-44.6255541103	-2.74297465743
-44.6238366381	-2.71721256695
-44.6264128461	-2.70175531217
-44.6092381192	-2.68715679351
-44.5869109733	-2.64937239493
-44.5723124553	-2.62103409576
-44.5594314101	-2.60128315821
-44.5456916292	-2.56349875909
-44.5371042653	-2.54718276884
-44.5439741559	-2.53945414196
-44.5551377287	-2.53601919581
-44.5621050311	-2.53988992024
-44.562866356	-2.54031287837
-44.5671600386	-2.54804150611
-44.571453719	-2.56264002411
-44.5809745605	-2.57612788129
-44.5817585567	-2.57723854275
-44.6229779009	-2.59527200424
-44.632424001	-2.59784821372
-44.6418701013	-2.5978482141
-44.6289890559	-2.59011958594
-44.6178254824	-2.58582590389
-44.605803173	-2.57637980456
-44.5912046557	-2.57122738711
-44.5817585548	-2.56006381452
-44.5808998197	-2.54804150556
-44.5740299293	-2.53516045996
-44.5663013026	-2.52914930648
-44.5491265744	-2.52142067788
-44.5396804759	-2.52056194244
-44.5345280566	-2.51798573343
-44.5259406925	-2.5248556249
-44.5199295391	-2.51626826057
-44.5216470116	-2.49565858709
-44.5156358574	-2.48964743342
-44.5104834387	-2.48106006896
-44.5027548116	-2.47848386035
-44.5010373395	-2.47075523327
-44.5104834385	-2.45744482056
-44.5122009109	-2.44370503753
-44.5080193915	-2.43499777968
-44.5007273299	-2.42977995762
-44.4899431127	-2.41644694455
-44.5054636685	-2.39255330571
-44.5136045495	-2.38896441626
-44.5220770046	-2.38960232996
-44.5535050474	-2.41086242058
-44.56139654	-2.41296435772
-44.5524141104	-2.40717787606
-44.5440401662	-2.3973576093
-44.5350417902	-2.39304108467
-44.5258844096	-2.38596857565
-44.5211957934	-2.38390048971
-44.5153571347	-2.38365703453
-44.4975800593	-2.38971785304
-44.4785196668	-2.40990186725
-44.440968196	-2.41483518022
-44.3936952954	-2.4110730577
-44.3808142487	-2.40334442975
-44.3730856207	-2.38273475729
-44.3705094128	-2.35525519334
-44.3602045766	-2.34838530221
-44.3584871045	-2.32777563072
-44.3644982566	-2.30458974786
-44.3799555125	-2.28226260409
-44.3988477114	-2.21785737753
-44.4108700219	-2.19467149582
-44.4254685391	-2.17835550486
-44.4426432656	-2.16976814146
-44.4555243112	-2.15946330568
-44.4701228291	-2.1517346777
-44.5139183842	-2.15259341527
-44.5311734447	-2.15885947935
-44.5499853107	-2.15516962246
-44.552963194	-2.15755192923
-44.5542789925	-2.15860456858
-44.5542601724	-2.15869396444
-44.5508440479	-2.17492055801
-44.550858036	-2.17495630557
-44.5585726747	-2.19467149575
-44.5680187734	-2.21098748566
-44.5843347642	-2.23159715818
-44.593082562	-2.247502247
-44.5937808634	-2.248771886
-44.6037949398	-2.24960639124
-44.6040857008	-2.24963062165
-44.6085232297	-2.25554732672
-44.609238119	-2.2565005126
-44.6185840923	-2.26273116261
-44.619542954	-2.26337040352
-44.6229779001	-2.27109903174
-44.6229779	-2.27120209168
-44.6229778988	-2.27882765862
-44.6229779735	-2.27882774087
-44.6392938901	-2.29686112107
-44.6410113635	-2.30544848626
-44.6472758169	-2.31484516653
-44.6478812538	-2.31575332175
-44.6541751177	-2.31968698591
-44.6547511441	-2.32004700297
-44.659044826	-2.3260581576
-44.6590249133	-2.32613256779
-44.6427288353	-2.38702843823
-44.6427395803	-2.38709290639
-44.6443866778	-2.39697548374
-44.64444631	-2.39733327519
-44.6530336729	-2.40420316605
-44.6564686186	-2.4042031665
-44.6530336724	-2.39990948308
-44.6521749354	-2.37758233857
-44.6581860898	-2.36470129446
-44.6650559809	-2.36556002919
-44.6779370272	-2.37586486594
-44.7035489085	-2.38440215927
-44.7036991177	-2.38445222903
-44.7097102717	-2.39132212011
-44.7097046792	-2.3914171877
-44.7088515352	-2.40592063808
-44.7131452171	-2.39733327454
-44.7148626896	-2.38702843756
-44.7079927987	-2.37586486555
-44.6976879622	-2.37328865716
-44.6831219084	-2.36472039004
-44.683089444	-2.3647012938
-44.6832703168	-2.36423102361
-44.6873831264	-2.35353772175
-44.6822467762	-2.34840136943
-44.6822307088	-2.34838530229
-44.6822396099	-2.34833634531
-44.683948181	-2.33893920289
-44.6736433444	-2.32176447655
-44.6693496625	-2.31231837581
-44.6693496626	-2.30630722154
-44.6650559813	-2.29857859499
-44.6676321896	-2.289991231
-44.7011229077	-2.2934261771
-44.717438899	-2.27796892344
-44.7552232995	-2.26852282271
-44.7591539232	-2.27245344631
-44.7603757173	-2.27367523962
-44.7636286154	-2.28180748529
-44.7638106632	-2.28226260376
-44.7723980261	-2.28913249517
-44.7818441243	-2.29256743854
-44.7698218166	-2.28054513192
-44.7663868714	-2.27024029544
-44.76209319	-2.26422914058
-44.742342254	-2.26337040411
-44.7328961542	-2.26594661313
-44.7140039537	-2.26594661361
-44.6959704896	-2.2805451309
-44.6873831258	-2.27796892226
-44.6805506334	-2.27284455323
-44.680513235	-2.27281650444
-44.6806485297	-2.27254591497
-44.6839481813	-2.26594661251
-44.6916768083	-2.25821798614
-44.686524391	-2.25478304028
-44.6719258719	-2.25392430397
-44.6581860916	-2.24705441336
-44.6401526278	-2.23503210336
-44.6315652635	-2.22215105875
-44.6075554196	-2.19642622553
-44.5944078731	-2.17808022608
-44.5801458907	-2.14320259324
-44.5590921479	-2.11436333692
-44.5505170554	-2.09601700679
-44.548015703	-2.08625071793
-44.5444656424	-2.08508063623
-44.5336751467	-2.0871883519
-44.5292558681	-2.086449183
-44.5240298877	-2.08113943594
-44.5129065879	-2.06442257321
-44.5000472179	-2.05189102205
-44.4975052207	-2.04039491983
-44.5007558668	-2.03210512169
-44.5130986447	-2.02944788733
-44.5271316326	-2.03313061459
-44.5285533823	-2.03174375021
-44.5285995566	-2.02752842591
-44.52286467	-2.02043189794
-44.5042188835	-2.01087541043
-44.4916863094	-1.99963442649
-44.4882100477	-1.98418807735
-44.4877951625	-1.9657426501
-44.4910394142	-1.94421590017
-44.5073223797	-1.90359576676
-44.5082196111	-1.89462344154
-44.5140516244	-1.88295941644
-44.5210051759	-1.87578155525
-44.5342393587	-1.88183787509
-44.5562215576	-1.89955822059
-44.561829262	-1.90000683801
-44.5676612739	-1.8968665229
-44.5739419019	-1.88766988718
-44.5728203614	-1.88363234059
-44.5690071224	-1.8802677188
-44.5629508026	-1.87959479445
-44.5586889476	-1.87690309615
-44.5407442952	-1.85806121076
-44.5373796719	-1.85200488979
-44.5366408698	-1.84651311961
-44.5420901432	-1.84280825447
-44.5286316541	-1.82374206166
-44.5340150504	-1.81948020669
-44.5459436517	-1.81852967131
-44.546484192	-1.8184865977
-44.5528569355	-1.83047130574
-44.5528498677	-1.83056789899
-44.5521840107	-1.83966794077
-44.5616049534	-1.84864026761
-44.5577917146	-1.83495746923
-44.5577917155	-1.82934976505
-44.5604834123	-1.82239621154
-44.5631751104	-1.81970451418
-44.5631751104	-1.8134238863
-44.5604834134	-1.80534879197
-44.5616049535	-1.80018970434
-44.5716988206	-1.79413338326
-44.5785409095	-1.79582944121
-44.5905938813	-1.80417766632
-44.5909893229	-1.80445156029
-44.5954754857	-1.80983495603
-44.5954561111	-1.80992020624
-44.5943539452	-1.81476973522
-44.5943701961	-1.81479411224
-44.5955222979	-1.81652226522
-44.5965970262	-1.81813435734
-44.6053450447	-1.80422725173
-44.6051207364	-1.7997410887
-44.6008588814	-1.79413338467
-44.6017561141	-1.78975937484
-44.5983914915	-1.78549751992
-44.577372842	-1.77812119263
-44.5774065679	-1.77547601059
-44.5813210151	-1.77247258325
-44.6000895096	-1.77203095088
-44.6112586645	-1.77748671146
-44.6170077349	-1.78276485415
-44.6181346664	-1.78379947443
-44.6198643935	-1.78736815627
-44.619845272	-1.78743943897
-44.6157646514	-1.80265119422
-44.6157745585	-1.8027113241
-44.6179983153	-1.8162079284
-44.6180714735	-1.81665194621
-44.62085389	-1.81868829958
-44.6262543964	-1.81878656908
-44.6323251301	-1.81325966957
-44.63571118	-1.79721688345
-44.632392348	-1.77326472413
-44.6290581882	-1.76825495956
-44.6190388919	-1.75975060676
-44.6026771746	-1.74923279625
-44.6018640406	-1.74296864049
-44.6053728948	-1.73752077576
-44.6169373175	-1.73333427947
-44.6326500977	-1.72398502245
-44.6450814492	-1.72002213884
-44.651347934	-1.71966460991
-44.6520147002	-1.71962656785
-44.6547606339	-1.72585589732
-44.6547408597	-1.72592319823
-44.6511691636	-1.73807959489
-44.6511765962	-1.73815107836
-44.6521781764	-1.74778334489
-44.6521703454	-1.7478391409
-44.6490317962	-1.7702012144
-44.6490402727	-1.77022866034
-44.6501232105	-1.7737348977
-44.6502677162	-1.77420276627
-44.6548636069	-1.77768195872
-44.6630832434	-1.77995799981
-44.6651278263	-1.77402904866
-44.6648561082	-1.766725124
-44.6695368154	-1.76555921522
-44.6840199328	-1.76992694122
-44.7001568728	-1.77102392538
-44.700404369	-1.77104075
-44.7114655731	-1.78518243826
-44.7123124132	-1.78626511864
-44.7227769896	-1.79210300795
-44.7362934337	-1.78726251664
-44.7579375818	-1.7922969932
-44.7862262232	-1.79056300689
-44.7792178777	-1.78649692429
-44.757556782	-1.78084908759
-44.7385593299	-1.7666997278
-44.7268212893	-1.76176761011
-44.7191761538	-1.75204520698
-44.7012382424	-1.73667866113
-44.6986432488	-1.73146872595
-44.7025369114	-1.72339669462
-44.7099666841	-1.71820360209
-44.71792691	-1.7167904942
-44.7284127668	-1.71932583258
-44.7480400202	-1.71882111777
-44.759919615	-1.71198314847
-44.7665045602	-1.70414902035
-44.7738585172	-1.7062293952
-44.7743827467	-1.70637769591
-44.7784700399	-1.71283054517
-44.7784251352	-1.71286962233
-44.7641338737	-1.72530622292
-44.7730278881	-1.72436285268
-44.7814798448	-1.72081956709
-44.7884363507	-1.71182206537
-44.7891925418	-1.70017315913
-44.7873644592	-1.69247293544
-44.778112905	-1.68057583638
-44.775025107	-1.6784095952
-44.7663293481	-1.67754482775
-44.7597052579	-1.67366916704
-44.7514339759	-1.6661506577
-44.7411497973	-1.65285438183
-44.7216574168	-1.64679988174
-44.7074592971	-1.64567480803
-44.6903267536	-1.64762499513
-44.6686378283	-1.66101213152
-44.6620279539	-1.66169828222
-44.6581100913	-1.65892028948
-44.6461727328	-1.6318923081
-44.635480618	-1.62212533285
-44.6354678765	-1.62211369364
-44.6354911607	-1.62197555313
-44.6366005753	-1.61539368294
-44.6766037728	-1.57033598304
-44.6817139661	-1.56733097787
-44.6885946401	-1.56675037623
-44.6886009353	-1.56674984471
-44.691220374	-1.56948704669
-44.6952958845	-1.57939537341
-44.6958063063	-1.58063630383
-44.7038548013	-1.5814100607
-44.7078058303	-1.57303544083
-44.7042828923	-1.56116908946
-44.7045081244	-1.55283546185
-44.7069856894	-1.54923173152
-44.7094632544	-1.54990743041
-44.7273768648	-1.56208546823
-44.7275948565	-1.56223366307
-44.7408261718	-1.57697862385
-44.7417432008	-1.57800055997
-44.7608716182	-1.59409935733
-44.7678717931	-1.59751793461
-44.7684636339	-1.59112326477
-44.7659310577	-1.58474772267
-44.7305728693	-1.5553776499
-44.7274232989	-1.55126509489
-44.7266587661	-1.54530597598
-44.7282983186	-1.54192445357
-44.7478059677	-1.53734860996
-44.7525507943	-1.53937578943
-44.7527433521	-1.53945805765
-44.7559966299	-1.5431972532
-44.7568225177	-1.55179357833
-44.7607215668	-1.55747476896
-44.7610752685	-1.56530755564
-44.7611013347	-1.56588480614
-44.7668633197	-1.5693132712
-44.7733216785	-1.57021658666
-44.7875822188	-1.58089317491
-44.7944551754	-1.58138165963
-44.7952770957	-1.58144007628
-44.7999520571	-1.59473169138
-44.8004273598	-1.59608304797
-44.8090041874	-1.59567567823
-44.8107960186	-1.58624678726
-44.8166662135	-1.58059319247
-44.831368438	-1.57482622711
-44.8337838401	-1.57496988275
-44.83430211	-1.57500070695
-44.8369404105	-1.57954303824
-44.8389998758	-1.5944203985
-44.844372028	-1.61090330204
-44.8479865727	-1.61557824323
-44.8486683248	-1.61646000118
-44.8584149146	-1.62370806993
-44.8608031591	-1.6230666821
-44.8633398575	-1.61917402459
-44.8660897231	-1.60753615063
-44.8716877571	-1.60332242291
-44.8877161484	-1.603394482
-44.9092139217	-1.61253049546
-44.9253796377	-1.60711034179
-44.9245690234	-1.603182829
-44.9143005741	-1.60025889931
-44.9125009449	-1.59778182459
-44.9177578919	-1.57497363276
-44.9151046193	-1.55780878151
-44.915738853	-1.54837506666
-44.9141198286	-1.54449101241
-44.9009029077	-1.53577935912
-44.891226333	-1.52446865872
-44.8889237155	-1.51165606528
-44.8793809079	-1.4999801106
-44.8761830707	-1.49029162796
-44.8658282329	-1.48744108409
-44.847392486	-1.48934692608
-44.8421303437	-1.48367702815
-44.8413763232	-1.46294591145
-44.8300985309	-1.43616651285
-44.8313780734	-1.42672003761
-44.8361628109	-1.41956490481
-44.846377445	-1.41403636602
-44.8531015327	-1.41251265203
-44.8784043342	-1.41925084764
-44.8787658612	-1.41934712344
-44.8851036529	-1.42789093322
-44.8896323743	-1.44237020889
-44.8898513352	-1.44307027297
-44.9039836937	-1.45136477889
-44.9257484738	-1.4716019049
-44.9266988745	-1.47248559748
-44.9351695776	-1.48410045068
-44.9358307514	-1.48500703826
-44.9401003714	-1.48789213887
-44.9474927179	-1.4898936809
-44.9526767466	-1.48882313931
-44.9553607481	-1.48674932905
-44.9572379222	-1.47818262197
-44.9623324217	-1.47580875933
-44.9668011503	-1.47621657788
-44.9674135197	-1.47627246338
-44.9738165996	-1.48863385082
-44.9735610698	-1.49901688095
-44.9735594882	-1.49901993322
-44.9668387134	-1.51198910002
-44.9544380813	-1.52299224267
-44.9484981602	-1.5319735868
-44.9456083268	-1.54319810075
-44.9456183576	-1.54324962562
-44.947447364	-1.55264464647
-44.9545602991	-1.56283783148
-44.955097395	-1.56360751645
-44.9665573979	-1.5722007109
-44.984988566	-1.57859729919
-45.002192906	-1.57977635189
-45.0089710944	-1.58222088705
-45.0128857037	-1.58614265031
-45.0161527628	-1.58598011591
-45.0239270662	-1.57878990045
-45.0187001405	-1.58084206472
-45.0161548794	-1.57646828228
-45.0111602232	-1.57368599168
-45.0025917482	-1.57335303759
-44.9913083521	-1.56786556453
-44.9716251803	-1.56224375718
-44.9645251902	-1.55632135946
-44.9629908633	-1.54906452831
-44.9678600551	-1.53496561942
-44.9763455175	-1.53124473875
-44.982586959	-1.53088994893
-45.0033176899	-1.53881383693
-45.0076029221	-1.53708744468
-45.0092692538	-1.53236663351
-45.0079902481	-1.52478221904
-45.0036859001	-1.5204849718
-44.9961175365	-1.51679854901
-44.9926031032	-1.50988218621
-44.9942149011	-1.50387723706
-45.0040845731	-1.49090077058
-45.0134542127	-1.48902581842
-45.0349360739	-1.49362929665
-45.0604147447	-1.48405073701
-45.0710563142	-1.48155195247
-45.0761772632	-1.47121701913
-45.0729983962	-1.46088570436
-45.0658365396	-1.45166415514
-45.0692897202	-1.43995816959
-45.0773693375	-1.42909704386
-45.0911444224	-1.42340157618
-45.082625542	-1.40892851457
-45.0844079315	-1.39736168183
-45.0696544182	-1.39290331211
-45.0696522224	-1.39290264863
-45.0697122106	-1.39198875123
-45.0708265344	-1.37501254948
-45.0769196847	-1.37281224502
-45.0770155254	-1.37277763603
-45.0803767582	-1.37665598196
-45.0814853518	-1.37793512868
-45.091456503	-1.38017004096
-45.1050379001	-1.36400989892
-45.1113988085	-1.36194690146
-45.1163458455	-1.36703135654
-45.1175877977	-1.36830780818
-45.1225733742	-1.37655979661
-45.126011702	-1.38670286497
-45.1259766504	-1.38671895445
-45.1155248018	-1.39151652459
-45.1105392247	-1.41111499586
-45.1105500847	-1.41115948578
-45.1139262956	-1.42499100827
-45.1239927055	-1.43836873616
-45.1259794953	-1.45386570907
-45.1329994917	-1.46221023209
-45.1329810387	-1.46229851745
-45.1299400006	-1.47684765639
-45.1299418185	-1.47692328564
-45.1302146672	-1.48827634887
-45.1323997079	-1.49596679676
-45.1328487499	-1.49754723957
-45.1356676273	-1.49662934362
-45.1403144806	-1.4908054238
-45.1424162011	-1.48230111189
-45.1461344146	-1.47597040742
-45.1529849751	-1.47350927927
-45.1586076712	-1.47649052027
-45.1592728426	-1.47684320449
-45.1762134534	-1.50405956067
-45.1813184942	-1.52350715162
-45.1812992416	-1.52355390717
-45.1800212852	-1.52665751505
-45.1800336514	-1.52672199468
-45.182099882	-1.53749590819
-45.1826157029	-1.54018554636
-45.1852056203	-1.53542849756
-45.1842835423	-1.53240229434
-45.1878045369	-1.51516795354
-45.1913353284	-1.51148624422
-45.1903371816	-1.50420345359
-45.1866308724	-1.49604957159
-45.1903371832	-1.49703792152
-45.1935540222	-1.49420617461
-45.1940435076	-1.48792565936
-45.1952764073	-1.48710372652
-45.1991315224	-1.4906375828
-45.2002080047	-1.49162435809
-45.2034957354	-1.49737788761
-45.2034697403	-1.49744431941
-45.1997970372	-1.50683011468
-45.1998101868	-1.50689022624
-45.2025970679	-1.51963024988
-45.202673803	-1.51998103793
-45.2083229753	-1.52457099328
-45.2092492638	-1.52532360339
-45.2141808613	-1.53354293107
-45.2199527083	-1.53965429882
-45.2211672895	-1.54094032587
-45.2285208536	-1.5453524645
-45.2293866181	-1.54587192292
-45.243359475	-1.57381764046
-45.2491130064	-1.58203696845
-45.2490950687	-1.58212067643
-45.2478801066	-1.58779049804
-45.2478938192	-1.5878124388
-45.2519897715	-1.59436596
-45.2544555682	-1.60340722103
-45.2544480717	-1.60349718392
-45.253222669	-1.61820201145
-45.2417156098	-1.62785972223
-45.2388388459	-1.64676417634
-45.2359620811	-1.65251770635
-45.2293866187	-1.65539447095
-45.2244550223	-1.66238089978
-45.2244537727	-1.662481312
-45.224274446	-1.67688939493
-45.2242705085	-1.6772057662
-45.2330853168	-1.68416211702
-45.250756872	-1.68786081638
-45.2700777695	-1.69674843056
-45.2713051917	-1.69731304423
-45.271716159	-1.70594333884
-45.2717083991	-1.70595196136
-45.2680174614	-1.71005300225
-45.2680174616	-1.71015247072
-45.2680174606	-1.72977938968
-45.2680143173	-1.72978164579
-45.2519897716	-1.74128644985
-45.245003342	-1.74950577736
-45.2400717455	-1.76265670347
-45.2371949799	-1.78012277511
-45.2334962821	-1.78464340556
-45.2330853162	-1.78916403506
-45.2289756519	-1.79368466714
-45.2281537197	-1.79943819634
-45.2281608653	-1.79947154176
-45.2293866179	-1.80519172676
-45.2371949792	-1.81916458434
-45.2371949796	-1.82450714744
-45.2371923207	-1.82451228749
-45.2310304838	-1.83642517306
-45.2273317864	-1.84135677098
-45.2034984494	-1.85409527744
-45.2034957343	-1.85409672869
-45.203598064	-1.85205014503
-45.203906701	-1.8458774007
-45.1907557752	-1.84711030084
-45.1850022455	-1.84587740139
-45.1801337098	-1.8477031023
-45.1739798907	-1.85439939932
-45.1713093087	-1.86002660092
-45.1713164012	-1.86010925803
-45.1729110813	-1.87869315951
-45.1729004225	-1.87869894474
-45.1555032929	-1.88814163265
-45.1459961815	-1.89474136709
-45.1412251564	-1.90017986387
-45.1412360446	-1.90026759272
-45.142993971	-1.91443143403
-45.1430321686	-1.91473919412
-45.1509772456	-1.9212927791
-45.1522486587	-1.92234151827
-45.1522451296	-1.9224428596
-45.1517899187	-1.93551458435
-45.1517912303	-1.93552032406
-45.153856733	-1.94455958479
-45.154492978	-1.94734398341
-45.1623487552	-1.92892459873
-45.1573479126	-1.9196438442
-45.1465515852	-1.91254240013
-45.1441872568	-1.90191428585
-45.1596756842	-1.89176785219
-45.1686064379	-1.89149516835
-45.1754558025	-1.88881022818
-45.1786399047	-1.88472751252
-45.1816954515	-1.87482470572
-45.1791428493	-1.86392866306
-45.1796596836	-1.85800090984
-45.1952764077	-1.86457637294
-45.2108931299	-1.86827507037
-45.2187014921	-1.86786410463
-45.2289756508	-1.85389124662
-45.2400717445	-1.85306931335
-45.2462362406	-1.84690481722
-45.2524007363	-1.83416485879
-45.2548665351	-1.82265779973
-45.254455568	-1.8156713691
-45.2519897707	-1.80950687447
-45.2528117037	-1.8045752772
-45.2507568719	-1.79964368095
-45.2429639701	-1.79390154221
-45.2429485098	-1.79389015046
-45.2430159135	-1.79355313295
-45.2441814092	-1.78772565313
-45.2560994349	-1.76882119852
-45.2606200658	-1.76553346772
-45.2680174608	-1.7538209252
-45.2717161582	-1.74025903349
-45.2754148566	-1.73573840354
-45.2807574188	-1.73573840331
-45.3033605719	-1.74354676566
-45.3185663292	-1.75094415946
-45.3345940191	-1.74971126059
-45.3493888092	-1.73984806815
-45.3596629705	-1.73039584074
-45.3678822981	-1.71313524992
-45.3582540749	-1.66821038509
-45.3523992123	-1.65537511362
-45.3489214472	-1.64255632903
-45.3428724269	-1.63075334861
-45.3405662779	-1.61823425592
-45.3444048411	-1.60763036107
-45.3410179913	-1.58085517254
-45.3327888226	-1.56684458782
-45.3186453325	-1.54814521859
-45.3140109808	-1.5295072524
-45.3140559297	-1.52252926756
-45.3093678203	-1.5120329633
-45.3082382579	-1.50272187118
-45.3130595528	-1.49228408041
-45.3190326829	-1.48766816094
-45.3321383291	-1.48309509619
-45.340459733	-1.48314534692
-45.3488029001	-1.47970608232
-45.3535869107	-1.47508196017
-45.3654818028	-1.47399000444
-45.3911489992	-1.48392398195
-45.3878935211	-1.47622813787
-45.3818532888	-1.46874005386
-45.3674110068	-1.45917764566
-45.34904956	-1.45142949081
-45.3216892882	-1.44394961741
-45.3091525872	-1.43861623392
-45.3039925766	-1.4404542665
-45.3001710479	-1.43903398104
-45.2977050167	-1.41565446805
-45.3001257835	-1.39374660963
-45.3034150136	-1.38194552651
-45.3035130175	-1.3815939092
-45.3053838552	-1.38426653601
-45.3064372386	-1.38577136965
-45.3124945552	-1.38034067225
-45.3120768077	-1.37282124548
-45.3068382919	-1.3679683295
-45.3044279627	-1.34710114851
-45.3057416892	-1.33917480014
-45.3225101893	-1.32360336003
-45.3343295563	-1.31773115363
-45.3499358925	-1.31545305139
-45.3578646857	-1.31640955728
-45.3614760251	-1.31842325739
-45.3619606932	-1.31869351103
-45.3654767621	-1.32340095005
-45.3665514109	-1.32923272705
-45.3665290843	-1.32924426461
-45.3571480976	-1.33409190536
-45.3544785921	-1.33977921199
-45.3540803172	-1.34587220125
-45.3540818778	-1.34587494437
-45.358345344	-1.35336698179
-45.358580351	-1.35377995131
-45.3729371561	-1.36635912538
-45.3742275044	-1.36748970453
-45.3742141708	-1.36758673544
-45.3713152592	-1.38868319518
-45.3713215516	-1.38870605946
-45.3735092038	-1.39665504268
-45.373633032	-1.3971049818
-45.4055541557	-1.42132904695
-45.4116008396	-1.42753330697
-45.4189123668	-1.42691692661
-45.4211422656	-1.42048678404
-45.4290567661	-1.42296981875
-45.4291289986	-1.42299248035
-45.4405731246	-1.43540538056
-45.4455079222	-1.44569552557
-45.4547428839	-1.45721895725
-45.4614505942	-1.47851856185
-45.4653984469	-1.48529744491
-45.4656792807	-1.48577966596
-45.4693016894	-1.488852495
-45.4758305152	-1.49087875661
-45.4861947018	-1.48815945104
-45.4903951478	-1.48317332857
-45.4918766908	-1.47552038592
-45.4808250849	-1.45687881248
-45.481809684	-1.42507576719
-45.4743217611	-1.38652897192
-45.4687483613	-1.3775246754
-45.4598825079	-1.36929723944
-45.4533441493	-1.3660730688
-45.4377872559	-1.36368672373
-45.4170803221	-1.34817013021
-45.4119682761	-1.34038271428
-45.4091223068	-1.33175821704
-45.4073175447	-1.31648755079
-45.4081763481	-1.30987237051
-45.4175202918	-1.29821671873
-45.4255517046	-1.29322924452
-45.4419763537	-1.29183947072
-45.4538864696	-1.2963193831
-45.454430463	-1.2965240029
-45.4594969203	-1.30432697632
-45.4600355352	-1.31634487455
-45.4631693554	-1.32373832175
-45.470039569	-1.33290158483
-45.470443728	-1.33344063928
-45.4922125225	-1.35308074566
-45.4933331611	-1.35409180126
-45.4979582267	-1.36385745606
-45.5050026557	-1.38717909882
-45.5097331632	-1.39753500302
-45.5100289903	-1.39818262031
-45.5132149605	-1.4003811837
-45.5181387531	-1.39744989154
-45.5174658235	-1.38122069053
-45.5228696357	-1.36959739411
-45.5244260902	-1.35681931326
-45.5233078418	-1.33685930166
-45.5139218723	-1.31399053333
-45.5134749411	-1.3093120451
-45.5194596468	-1.30336759104
-45.5216125012	-1.30282679033
-45.5219434196	-1.30274366331
-45.5300726424	-1.31491558511
-45.5309351715	-1.31620705334
-45.5387960129	-1.31668578766
-45.5400859312	-1.30840962796
-45.5484828842	-1.29895918172
-45.5471132531	-1.28427125562
-45.5499794387	-1.2770236061
-45.5560484096	-1.27737839712
-45.5808965359	-1.29331295367
-45.5858916332	-1.29373030655
-45.5889506038	-1.29240062417
-45.5900774206	-1.28945341694
-45.5877321091	-1.27637085547
-45.5895420816	-1.26852998368
-45.5968407402	-1.26710524846
-45.6064602679	-1.26979023949
-45.6065152773	-1.26980559345
-45.6176182835	-1.28173629208
-45.6258953738	-1.2946224218
-45.6324585789	-1.32197551486
-45.6325701708	-1.32244059189
-45.6442513347	-1.33106172709
-45.6451375672	-1.28492563088
-45.6389231563	-1.26744760113
-45.6311551428	-1.25773758651
-45.6325212279	-1.24670786543
-45.6389927774	-1.22726923789
-45.6395766508	-1.21384015149
-45.6343733494	-1.19217316776
-45.6174984614	-1.18260387095
-45.6125594703	-1.16274500843
-45.6181158349	-1.13455159659
-45.6298905199	-1.12354902314
-45.6306691063	-1.1228214922
-45.643583963	-1.1769502547
-45.6489186237	-1.20916916456
-45.6489061899	-1.2092336519
-45.643972364	-1.23482194768
-45.6571897403	-1.24717543259
-45.6584509355	-1.2483541964
-45.6586931424	-1.25578176851
-45.6587315892	-1.25696078504
-45.6699380644	-1.25821452524
-45.6705926229	-1.25255645459
-45.6681231253	-1.23066025829
-45.6771779437	-1.20678846476
-45.6873851927	-1.1926300232
-45.6945797546	-1.19352934444
-45.6952875797	-1.19361782239
-45.70928139	-1.22440420308
-45.7087874903	-1.23625778172
-45.7087858578	-1.23626077899
-45.698067628	-1.25594028502
-45.6956284912	-1.27222748537
-45.6956369628	-1.27223659547
-45.700601711	-1.27757547015
-45.7018482772	-1.2789159732
-45.7224996605	-1.25293288238
-45.7323535749	-1.23521177403
-45.7350530741	-1.22597393387
-45.7350792936	-1.21347533587
-45.7322884648	-1.204706464
-45.7131055873	-1.17367962043
-45.6946198587	-1.15319889622
-45.6917912863	-1.14751315403
-45.6930882388	-1.14052254507
-45.705462786	-1.13072847363
-45.719910816	-1.11616635392
-45.7203985957	-1.11653915878
-45.7215351344	-1.11740780213
-45.7259389266	-1.13258207735
-45.7260211053	-1.13286524166
-45.7426883595	-1.14740457503
-45.7438046676	-1.14837836297
-45.7476271348	-1.1571092345
-45.7519908835	-1.17865585855
-45.7574756725	-1.18653955211
-45.7576176494	-1.18674362661
-45.7665948735	-1.19562773362
-45.7721541522	-1.19756667676
-45.7822181782	-1.19795351285
-45.7928601734	-1.19487118999
-45.8012166579	-1.18586736443
-45.8048275444	-1.16861174903
-45.810000877	-1.16791293405
-45.819982366	-1.17422118284
-45.8250961118	-1.17932408702
-45.8263468939	-1.18057221783
-45.8302677891	-1.19813698033
-45.8358602804	-1.20625262602
-45.8366171236	-1.20735093261
-45.8563239545	-1.21581232596
-45.8740072231	-1.21961240136
-45.8845892564	-1.22486244543
-45.8959979029	-1.22108187438
-45.8741899349	-1.20552572889
-45.8698367501	-1.19118473409
-45.8687818457	-1.16812785781
-45.8724708821	-1.15214770071
-45.8752941248	-1.15003026972
-45.8816464202	-1.15026553964
-45.891943313	-1.15899551261
-45.8924688507	-1.15944107735
-45.8995342523	-1.16775331526
-45.9004680374	-1.1688518863
-45.9087024941	-1.17426310024
-45.9127020882	-1.16861661582
-45.8997622279	-1.15167716028
-45.884469663	-1.13638459608
-45.864236424	-1.13073811131
-45.8586259598	-1.11259685976
-45.8456239133	-1.09510969282
-45.8430621047	-1.08333116358
-45.8454148085	-1.0666269773
-45.848970508	-1.05595165313
-45.8592957506	-1.05039333379
-45.86788347	-1.05016734024
-45.868236019	-1.05015806268
-45.8729414237	-1.0569808981
-45.8783053144	-1.07120687285
-45.8783526376	-1.07133238272
-45.8872438543	-1.08001682774
-45.8884692564	-1.0812137321
-45.905228898	-1.12988127157
-45.9297483619	-1.17031362027
-45.9430679779	-1.19808082083
-45.94693584	-1.21837794711
-45.9543222963	-1.23116465994
-45.9551087915	-1.23252616314
-45.9566127689	-1.23238834028
-45.9592336862	-1.22637986028
-45.9612639093	-1.21274218541
-45.9557640409	-1.16194748122
-45.9561244548	-1.14534108341
-45.9629063779	-1.13370752477
-45.9645520612	-1.11105489578
-45.9667323389	-1.10980725059
-45.9754676604	-1.1105098167
-45.9798628308	-1.10579130639
-45.9767271142	-1.09756515782
-45.968882256	-1.08778392629
-45.9633362992	-1.06609030211
-45.9633669802	-1.05740228453
-45.9712166583	-1.05315710938
-45.9814913869	-1.05442618392
-45.9911003141	-1.05882133554
-45.9911456826	-1.058842087
-46.0051425509	-1.07369563985
-46.0062901217	-1.07491344897
-46.0231419765	-1.08895066238
-46.0240742786	-1.08972724924
-46.044114931	-1.12213912621
-46.0441841095	-1.1222510092
-46.078602067	-1.1569123596
-46.0798274904	-1.15814644897
-46.0876440169	-1.17414448067
-46.0928383178	-1.19238045801
-46.0973604035	-1.19724814137
-46.0985315379	-1.19850878001
-46.1039825579	-1.20180399621
-46.0994424329	-1.1885775583
-46.0992689309	-1.17670253023
-46.0945043688	-1.1569687403
-46.0865407467	-1.14478697404
-46.0814319075	-1.1311881044
-46.0654887122	-1.1108876543
-46.0635038738	-1.10283951819
-46.064314472	-1.0969677577
-46.0704733535	-1.08553249301
-46.0709251389	-1.07955953597
-46.0792208942	-1.06665502602
-46.0856731501	-1.06647067561
-46.0912228765	-1.06980051229
-46.0921254055	-1.07034202929
-46.0963654594	-1.0793751885
-46.096167901	-1.08352390567
-46.0959967586	-1.08711789273
-46.1004211627	-1.08011258691
-46.0996837613	-1.06315237288
-46.0878853509	-1.05024786204
-46.0790365445	-1.0495104618
-46.0707407872	-1.04047730398
-46.0687129373	-1.02812584359
-46.076639992	-1.01853963645
-46.0875166524	-1.01835528658
-46.0947293992	-1.02065025165
-46.0956280581	-1.02093618878
-46.0982832953	-1.02837085183
-46.0983933105	-1.02867889531
-46.1058342274	-1.03516990619
-46.1070577679	-1.03623724979
-46.1078119418	-1.04058386795
-46.107837025	-1.04072843528
-46.1123587108	-1.04499884971
-46.1350507144	-1.05177518252
-46.1531328801	-1.0668087599
-46.151072145	-1.04877967195
-46.1620104843	-1.02521708937
-46.1608100558	-1.00874501994
-46.163994005	-1.00595692549
-46.1708219586	-1.00454689435
-46.1789487894	-1.00987920757
-46.1796098817	-1.01031297472
-46.1827201553	-1.014849136
-46.1860770408	-1.03429674267
-46.1861130825	-1.06271085222
-46.1892293637	-1.07419196799
-46.1892841819	-1.07439393193
-46.2243220216	-1.10666122029
-46.2252829427	-1.10754615902
-46.2466917775	-1.13789331995
-46.2572101957	-1.15729530954
-46.2574968699	-1.15782410165
-46.271074581	-1.16877043186
-46.2649178901	-1.15625046816
-46.2659927254	-1.13982736798
-46.2599644052	-1.12707567891
-46.2434762551	-1.10552442718
-46.2351326617	-1.09021993628
-46.2197932374	-1.07623147793
-46.2080358076	-1.06840259735
-46.2031796305	-1.06188938577
-46.2039683092	-1.05086886533
-46.2123899812	-1.02621742877
-46.2175296172	-1.01620077617
-46.2183435866	-1.00925292106
-46.2143430464	-0.981827160673
-46.1915341478	-0.948068701308
-46.1847139023	-0.934704075607
-46.1868327528	-0.910343202483
-46.1907972156	-0.901422380736
-46.196378084	-0.895478086393
-46.2055064194	-0.89410226244
-46.2274634381	-0.896298951565
-46.2421434051	-0.903767735635
-46.2518584581	-0.912709428708
-46.2530234988	-0.91378172752
-46.2627622178	-0.93706787335
-46.2634073969	-0.952859359058
-46.27088519	-0.971719540673
-46.2818340261	-0.98728926154
-46.2858171365	-0.996976036597
-46.2859759572	-0.997362282655
-46.2909672172	-1.00155817684
-46.2984175276	-1.00412237424
-46.3027877874	-1.00737210401
-46.3035137436	-1.0079119259
-46.3200776146	-1.03173549196
-46.3236856303	-1.03934321439
-46.3236775022	-1.03944243889
-46.3227272799	-1.05104245973
-46.3227282665	-1.05104661114
-46.3237714156	-1.05543536674
-46.3372153967	-1.07295391756
-46.3379897825	-1.07396300212
-46.3424819597	-1.07678614718
-46.341872425	-1.06632926641
-46.3360176522	-1.05041141461
-46.3357716447	-1.04073116723
-46.3396208216	-1.02251499299
-46.3443724952	-1.01470954747
-46.348292916	-1.01147037452
-46.3555469663	-1.01185364363
-46.3619188399	-1.01479614613
-46.3846395569	-1.037183603
-46.3905800143	-1.0306100283
-46.3939176558	-1.02333470192
-46.3948638569	-1.01411381951
-46.3937777651	-1.00040101648
-46.3972247383	-0.996946288896
-46.4008269949	-0.996410831312
-46.4074631262	-0.999670332718
-46.4278998301	-1.02085645835
-46.4364148824	-1.02763768903
-46.4678358623	-1.03669667369
-46.4705735267	-1.03655858695
-46.4720388744	-1.03452086336
-46.4780606109	-1.01325462835
-46.4749924046	-1.00650978792
-46.4682708037	-1.003224655
-46.4672167307	-0.992316891426
-46.4700348351	-0.985160753087
-46.4780864511	-0.978167195064
-46.4789584257	-0.97361924745
-46.4774650123	-0.966372560506
-46.4691948453	-0.953421480244
-46.4681744363	-0.947520004197
-46.4691006721	-0.944834555935
-46.4788271288	-0.935173335592
-46.4807373108	-0.929064988664
-46.4803768795	-0.923997517554
-46.4763250406	-0.917479614161
-46.4686286131	-0.912318507154
-46.4608430629	-0.909854615605
-46.4451733584	-0.91068585229
-46.4365888286	-0.902939438345
-46.4256598294	-0.897986267229
-46.4145625147	-0.881789101888
-46.4154008741	-0.874960293184
-46.4190550174	-0.870953920439
-46.4271748063	-0.869173200329
-46.4463561383	-0.871414490171
-46.4719840727	-0.87859799889
-46.4919345238	-0.877928880693
-46.50424599	-0.882214218704
-46.5045930011	-0.882335005062
-46.5074943345	-0.886108706684
-46.5099059916	-0.893994249246
-46.508563808	-0.912209995067
-46.5099346388	-0.919175590072
-46.5167661065	-0.931414143827
-46.5290900879	-0.946032014449
-46.5300619273	-0.956026943596
-46.5301231057	-0.956656130931
-46.5345580952	-0.959191884462
-46.5377046561	-0.959015156559
-46.5384643237	-0.954709425389
-46.5322834121	-0.923063163462
-46.5323499545	-0.91344810955
-46.5364152902	-0.907878654042
-46.5482511878	-0.912664277584
-46.5483560773	-0.912706687739
-46.5529647432	-0.91776549624
-46.5585182534	-0.927845024181
-46.557985271	-0.934903221638
-46.5570389165	-0.947435627024
-46.5570389657	-0.947435702287
-46.5651167058	-0.959863634667
-46.5735325511	-0.980413488215
-46.5777823524	-0.985377623119
-46.5786003833	-0.986333154299
-46.5949142633	-0.999539183402
-46.588060769	-0.985399163186
-46.5873198291	-0.977342130101
-46.5909201237	-0.969568325209
-46.5990189467	-0.962640712701
-46.6078724002	-0.962473462584
-46.6220532635	-0.967724980761
-46.6335280963	-0.969948785047
-46.6577406211	-0.970705420525
-46.6774469275	-0.966628507862
-46.6945673162	-0.955310586586
-46.6578143187	-0.956816898882
-46.6457395913	-0.95142427075
-46.6344659717	-0.941582993174
-46.6300863632	-0.93462290398
-46.6294123051	-0.929845760093
-46.6414968098	-0.909835579439
-46.6420562761	-0.904360826545
-46.6349467889	-0.891499240603
-46.6252655873	-0.881088406666
-46.6011148772	-0.848970730003
-46.601577819	-0.838838996414
-46.6108761516	-0.822993598128
-46.6174398637	-0.817438775344
-46.6336121032	-0.808756424293
-46.6399676487	-0.798108140123
-46.6448587853	-0.793719322882
-46.6507457783	-0.791644128942
-46.6566968589	-0.792231453531
-46.6615607252	-0.794705141294
-46.6618772639	-0.794866128521
-46.6659932337	-0.799873155041
-46.6695698966	-0.816668836594
-46.6783543274	-0.826685915238
-46.6783351527	-0.826774277506
-46.6747212339	-0.843428009363
-46.6747265909	-0.843466891595
-46.6756110847	-0.849886295777
-46.6769886087	-0.851870062799
-46.677853279	-0.853115271454
-46.6844016122	-0.854314247989
-46.704087366	-0.842193620711
-46.7107194328	-0.842827023447
-46.7135564936	-0.845293564885
-46.7146357336	-0.846231856647
-46.7174070347	-0.851823090032
-46.7191460593	-0.861991361471
-46.7189676471	-0.897486973682
-46.7231761	-0.906584797418
-46.7242824008	-0.908976395566
-46.7258715981	-0.8984228472
-46.7335346378	-0.881944618971
-46.7366375125	-0.861310141257
-46.7410446458	-0.847692780806
-46.7420646888	-0.835933009514
-46.7464151901	-0.824299948082
-46.752642812	-0.822135012169
-46.7581512433	-0.824237378161
-46.7586740493	-0.824436914232
-46.7690828773	-0.840075627976
-46.7693858877	-0.840530884861
-46.7761622498	-0.846598821371
-46.7853812512	-0.848173473743
-46.7978330902	-0.854048340877
-46.8062069568	-0.853007498281
-46.8118596389	-0.846130442819
-46.8135552388	-0.833328623356
-46.8263872522	-0.828724453887
-46.8277077727	-0.826864790301
-46.8294521597	-0.80864467661
-46.8280116012	-0.773160227193
-46.8290885386	-0.751952651131
-46.8330839279	-0.747944648395
-46.8396383286	-0.745222146894
-46.8573221705	-0.74636712683
-46.8604231367	-0.748086812804
-46.8613387582	-0.748594584744
-46.8655412268	-0.758259955474
-46.8657716489	-0.75878991009
-46.8752753143	-0.766018328729
-46.8761400301	-0.766676025644
-46.8816943305	-0.775781621356
-46.8852737896	-0.786313025981
-46.8855764644	-0.80251489131
-46.8875463802	-0.809531566643
-46.887653866	-0.809914423295
-46.8926278903	-0.813929402942
-46.9089495476	-0.822075319628
-46.9090155934	-0.822108281918
-46.9161402145	-0.829735659274
-46.9177647713	-0.836159727675
-46.9177519646	-0.836241324594
-46.9148165942	-0.854943469678
-46.9148193446	-0.854973940905
-46.9156929451	-0.864651418618
-46.9179493694	-0.867031344054
-46.9192011203	-0.868351608012
-46.9276415991	-0.868321376517
-46.9323451312	-0.86522837358
-46.9364872704	-0.855968388006
-46.9383003147	-0.834536304326
-46.9431234703	-0.823843080917
-46.944734747	-0.814356600186
-46.9527779518	-0.792885983771
-46.9580732886	-0.785894220216
-46.9635667121	-0.781878648818
-46.9679738974	-0.780543576875
-46.9774572127	-0.781875845155
-46.9798252788	-0.779411850253
-46.9801069065	-0.772051378244
-46.9698174902	-0.7667002483
-46.9646810132	-0.762023333216
-46.9538160575	-0.744797110786
-46.9521711643	-0.738150034599
-46.9538223382	-0.720198161254
-46.9556141848	-0.715238096912
-46.9656587909	-0.709366548247
-46.9755557267	-0.708038734135
-46.9815319265	-0.710060856912
-46.981714325	-0.710122573542
-46.9860886271	-0.715188369826
-46.9854754195	-0.731533261343
-46.9943294879	-0.751344055599
-46.9943831024	-0.751464017614
-47.0083100994	-0.765221105338
-47.013345619	-0.767054335563
-47.0253452702	-0.767627475282
-47.0323773166	-0.771675760174
-47.0336959637	-0.772434892956
-47.033687075	-0.772534260864
-47.0315089206	-0.796883712784
-47.0315092741	-0.796885111998
-47.0323059958	-0.800040484057
-47.0324789877	-0.80072560872
-47.0372982072	-0.803520675629
-47.0476687594	-0.800868562903
-47.0538324939	-0.803581887564
-47.0544870755	-0.803870039654
-47.0636972585	-0.819362984087
-47.0764526568	-0.835316976714
-47.0772164697	-0.836272326452
-47.0829380253	-0.840417400889
-47.0841565518	-0.835294069328
-47.0830362601	-0.828598373108
-47.0684390133	-0.808696219544
-47.0658707065	-0.801594291509
-47.0690013619	-0.793360766015
-47.0794311221	-0.785161196358
-47.0825762245	-0.770724575426
