# kml2gmt: KML read from contours/south_america/CPRM/Tectonics_kml/Sao_Luiz_Craton.kml
# Sao_Luiz_Craton.kml
> -L"Sao_Luiz_Craton.kml"
-43.6697186697	-2.30472163013
-43.6490464295	-2.29696954107
-43.6387103094	-2.28663342061
-43.6349615757	-2.27801134554
-43.6262574113	-2.27801134464
-43.5985068586	-2.27221272353
-43.5984869803	-2.27220856973
-43.5986706622	-2.27119832055
-43.6009738834	-2.25853059552
-43.6092635647	-2.25480023894
-43.6287443139	-2.25065540021
-43.6382774467	-2.25645817546
-43.6652189084	-2.2680637289
-43.6900879502	-2.27428098886
-43.7120556053	-2.28422860501
-43.7236611584	-2.29210380288
-43.7286414931	-2.29708413814
-43.7298784182	-2.29832106344
-43.7327798059	-2.30826867904
-43.7327518314	-2.30827651212
-43.7224177069	-2.31117006824
-43.720345286	-2.31407145601
-43.7203575759	-2.31416307038
-43.7249046084	-2.34805914586
-43.7294639336	-2.35303295333
-43.7294421075	-2.35311480038
-43.7278059979	-2.35925021464
-43.7228321896	-2.36546747499
-43.7228590267	-2.36554261878
-43.72490461	-2.37127025156
-43.7248976426	-2.37135386285
-43.7240756418	-2.38121786801
-43.724084295	-2.38123805908
-43.7265625451	-2.38702064542
-43.7325673041	-2.39358449895
-43.7337548664	-2.39488263301
-43.7419422936	-2.39660620326
-43.7567690794	-2.40843010908
-43.7577918768	-2.40924575931
-43.7590083566	-2.4118150808
-43.7589927367	-2.41188536906
-43.7574167371	-2.41897736543
-43.7574296087	-2.41903314269
-43.7582125462	-2.42242587187
-43.7637832111	-2.43038396498
-43.7649692583	-2.43572117458
-43.7653748305	-2.43754624832
-43.7680275275	-2.43595463169
-43.7672317191	-2.43224085368
-43.7608652443	-2.41977317424
-43.7706802263	-2.42322168023
-43.7969257332	-2.4400391895
-43.7980030134	-2.44072948568
-43.8027778694	-2.45717621179
-43.8117970424	-2.47282713075
-43.8117714328	-2.47288547664
-43.8058109149	-2.48646507405
-43.8058373675	-2.48651504045
-43.8131740039	-2.50037312897
-43.813563006	-2.50110791085
-43.8264831556	-2.50972134451
-43.8325125597	-2.50455328475
-43.8221764392	-2.47009955173
-43.8213150958	-2.45717939968
-43.8127016625	-2.44856596761
-43.8032268854	-2.42617104149
-43.7733992421	-2.40442897525
-43.7655240455	-2.3853627094
-43.7548157838	-2.37589001543
-43.7547474598	-2.37582957502
-43.7548741465	-2.37574186929
-43.7655240443	-2.36836886257
-43.7725702726	-2.36795438017
-43.7997815128	-2.39257865137
-43.8170083786	-2.40291477107
-43.8325125594	-2.41669626458
-43.8488780834	-2.42617104043
-43.8600909053	-2.429374705
-43.8609368886	-2.42961641457
-43.8652436061	-2.44081387739
-43.8652130411	-2.44083610675
-43.8557688295	-2.44770462478
-43.8480167396	-2.46665417856
-43.848023868	-2.46674684972
-43.8497394255	-2.48904910319
-43.8497343052	-2.48906389491
-43.8419873366	-2.5114440308
-43.8419919973	-2.51154190602
-43.8427628367	-2.52772955314
-43.842848679	-2.52953224068
-43.8531847999	-2.52522552353
-43.8669662928	-2.51316671777
-43.8753106873	-2.51847678652
-43.8764410695	-2.51919612054
-43.8816091299	-2.5433137346
-43.8841931586	-2.56484731801
-43.8892233799	-2.57347055399
-43.890222562	-2.57518343836
-43.8961972607	-2.56598319752
-43.9041884286	-2.56333011624
-43.909418307	-2.55540519831
-43.9207167811	-2.55528456356
-43.9236109758	-2.55684194925
-43.924033232	-2.55706916837
-43.9365128311	-2.57331660755
-43.946182629	-2.59265620287
-43.9497972208	-2.61434374862
-43.9498088039	-2.61441324744
-43.9594786015	-2.62408304681
-43.9800269214	-2.62770921978
-44.0038604318	-2.63962597454
-44.004201417	-2.63979646689
-44.0428806084	-2.68814545518
-44.0513416796	-2.70990250081
-44.0634289261	-2.72561592308
-44.0682638259	-2.74858169229
-44.0682638263	-2.74867074019
-44.0682638263	-2.76066894031
-44.0634289267	-2.77275618754
-44.0851859713	-2.76187766445
-44.0948557685	-2.753416591
-44.1178215399	-2.75220786687
-44.1274786911	-2.76079200128
-44.1287000615	-2.76187766431
-44.1311175119	-2.77759108467
-44.1377029777	-2.78693411607
-44.1386046252	-2.78821331448
-44.1496585307	-2.78939766265
-44.1577556622	-2.79432635065
-44.1587385252	-2.79492461503
-44.1650550417	-2.81150547386
-44.1650477873	-2.81158043172
-44.1638706961	-2.82374372839
-44.163882073	-2.82376186752
-44.1693060242	-2.83241006138
-44.1697967029	-2.8331924219
-44.1788724255	-2.83953502201
-44.1770490515	-2.79572195595
-44.1818839501	-2.77879980923
-44.1830926742	-2.76550383771
-44.1903450232	-2.76550383799
-44.2121020688	-2.77154746184
-44.2335160594	-2.77392679363
-44.2338591123	-2.77396491088
-44.2399027361	-2.78242598394
-44.2398581834	-2.78246162628
-44.2338591137	-2.78726088367
-44.2290242139	-2.79451323117
-44.2447376348	-2.79088705657
-44.2580336083	-2.78000853524
-44.26484096	-2.77887397638
-44.265285956	-2.77879981007
-44.273747028	-2.79330450695
-44.280149222	-2.81037702012
-44.2809993777	-2.81264410141
-44.2846255518	-2.80418302938
-44.2846255519	-2.78967833315
-44.2882517258	-2.78363470913
-44.2942953499	-2.78967833239
-44.3075913216	-2.79088705711
-44.3291938699	-2.78248606597
-44.3293483663	-2.78242598409
-44.3341832652	-2.78846960767
-44.3362165995	-2.79660293822
-44.3366007164	-2.79813940496
-44.3414356139	-2.79693068034
-44.3378094394	-2.78000853533
-44.3281396407	-2.77638236024
-44.3136349442	-2.77396491086
-44.2689121309	-2.73770317006
-44.2556161591	-2.72924209671
-44.237485289	-2.72682464813
-44.2024322722	-2.7147374007
-44.2012235466	-2.70748505274
-44.2072671695	-2.69418907981
-44.2133107943	-2.68331055744
-44.2217718673	-2.67605820909
-44.2084758948	-2.67968438367
-44.1927624729	-2.70023270339
-44.1794665015	-2.70385887746
-44.1601269047	-2.69781525384
-44.1552920066	-2.68693673186
-44.1383698609	-2.68089310719
-44.134743686	-2.66638841217
-44.106943017	-2.62770921851
-44.1081517433	-2.60957834822
-44.1105691919	-2.59990855009
-44.1238651637	-2.59990854986
-44.1045255672	-2.59386492638
-44.0924383205	-2.58782130311
-44.0900208709	-2.57210788334
-44.0815597988	-2.56002063492
-44.0670551031	-2.56122935945
-44.0573853043	-2.56002063565
-44.0477155063	-2.55639446154
-44.0380585056	-2.55880871121
-44.038045708	-2.55881191091
-44.038212883	-2.55714016314
-44.0392544325	-2.54672466328
-44.0283759102	-2.52859379208
-44.0235410123	-2.51529782088
-44.0235410117	-2.50683674837
-44.0549678547	-2.46815755457
-44.070681276	-2.46332265689
-44.0900208704	-2.46332265657
-44.0827685229	-2.45002668493
-44.0670551017	-2.44881795919
-44.0501329551	-2.4439830613
-44.0211412925	-2.45243896208
-44.021123561	-2.45244413352
-44.0213819659	-2.4506869825
-44.0271671858	-2.41134749215
-44.0477155066	-2.40772131829
-44.0791423486	-2.40893004264
-44.1190302642	-2.4234347404
-44.1565007314	-2.44760923581
-44.193971198	-2.4633226578
-44.2362765629	-2.47903607812
-44.2640772322	-2.48387097847
-44.2889499075	-2.49334628362
-44.2894604503	-2.49354077635
-44.2967127994	-2.50441929703
-44.2966745235	-2.50446304003
-44.2797906529	-2.5237588929
-44.3017781941	-2.52607337111
-44.3027564244	-2.52617634254
-44.3063825975	-2.54188976312
-44.3063825973	-2.54198562941
-44.3063825971	-2.55276828644
-44.3148436718	-2.53826358872
-44.3269309176	-2.52738506665
-44.3438071836	-2.52859051428
-44.343853064	-2.52859379158
-44.3583577612	-2.54430721387
-44.3583577611	-2.54440833487
-44.3583577615	-2.56606425827
-44.351105412	-2.59990855165
-44.3511155586	-2.59997281603
-44.3547315867	-2.62287432163
-44.3656101082	-2.64886190228
-44.3752799073	-2.66457532301
-44.3801148063	-2.68512364459
-44.384949705	-2.71534176118
-44.3849434907	-2.71538940047
-44.3813235315	-2.74314243034
-44.3813369443	-2.7431612081
-44.3934107777	-2.76006457603
-44.4042892999	-2.78182162207
-44.4079154733	-2.82533571249
-44.4079118353	-2.82535754162
-44.4042892995	-2.84709275717
-44.4042937253	-2.84718569596
-44.4067067495	-2.89785919727
-44.4103329228	-2.92203368986
-44.4248376197	-2.94379073477
-44.4441636477	-2.98002703458
-44.4441772167	-2.98005247672
-44.4731866098	-3.01027059538
-44.4997785543	-3.02598401661
-44.5239530484	-3.05015851112
-44.5457100943	-3.0670806582
-44.5638409642	-3.08400280444
-44.5880154584	-3.09971622482
-44.60257579	-3.11315653216
-44.6037288791	-3.11422092206
-44.6206510258	-3.15652628708
-44.6454626277	-3.19906045966
-44.6460342466	-3.20004037785
-44.6581214927	-3.20608400064
-44.6690000156	-3.20608400074
-44.6859221616	-3.19762292686
-44.7004268583	-3.195205478
-44.7161402795	-3.19641420332
-44.7181408962	-3.19732357439
-44.7160445809	-3.19856147967
-44.4876304903	-3.27972718566
-44.2938621874	-3.32640418725
-44.1484001375	-3.34519999391
-43.990092807	-3.31885009684
-43.8209739822	-3.2885680359
-43.5894059865	-3.24663946846
-43.3935058637	-3.11281378738
-43.2899227778	-3.06586369912
-43.1137492459	-2.99143659895
-42.9846945891	-2.98962262184
-42.7610420205	-2.98644951391
-42.4914024475	-2.85147982332
-42.3072112161	-2.75590117742
-42.3310167816	-2.75240035813
-42.3450200551	-2.74854945796
-42.3604236557	-2.73769692058
-42.368125457	-2.72544405699
-42.3636128953	-2.72509693696
-42.363574391	-2.7250939755
-42.3639415714	-2.72391083886
-42.3667251292	-2.71494160255
-42.3908807756	-2.71424143906
-42.4118856855	-2.71564176517
-42.4395421503	-2.71249102807
-42.4933403865	-2.69839584766
-42.5007905155	-2.68374978118
-42.5050074526	-2.68133374456
-42.5109588448	-2.6809836635
-42.5186606454	-2.68483456229
-42.5477174376	-2.68553472643
-42.5767742297	-2.67713276285
-42.5897272581	-2.67048120772
-42.6219347871	-2.6459754793
-42.6572930513	-2.61376795253
-42.6965022185	-2.57455878584
-42.717507129	-2.55880510407
-42.7241586834	-2.5567046123
-42.7304601565	-2.55740477595
-42.7452598792	-2.5618934497
-42.7525312059	-2.56644984194
-42.7625470805	-2.5682673167
-42.773732168	-2.56593963441
-42.7774923311	-2.55859072877
-42.7893739978	-2.55164861346
-42.7923558063	-2.55168492438
-42.7927199095	-2.55168935806
-42.7961065975	-2.556639995
-42.7969757045	-2.55791045027
-42.8031993822	-2.55853281764
-42.8305835615	-2.54608546346
-42.8442756507	-2.53737231527
-42.8710374616	-2.52430259421
-42.8890861246	-2.5118552396
-42.8934426989	-2.5118552399
-42.9338966	-2.49069473701
-43.0471675226	-2.44526189363
-43.0807753794	-2.43032506882
-43.1131385017	-2.41289877227
-43.143634519	-2.40356325704
-43.2021370833	-2.37368960792
-43.2189410114	-2.36871066519
-43.2438357198	-2.35813041417
-43.3173524931	-2.33652212698
-43.3279218366	-2.33496781259
-43.3335173718	-2.33807644277
-43.3462627546	-2.3405633467
-43.3764164675	-2.34087421048
-43.3810794136	-2.33590040187
-43.389472715	-2.33916446285
-43.3953791129	-2.33729928563
-43.4146526194	-2.33916446291
-43.4267762778	-2.34258395621
-43.4320609488	-2.34227309358
-43.4457389217	-2.34693603877
-43.4489001337	-2.34549912419
-43.449158416	-2.34538172312
-43.4550586177	-2.35381058299
-43.4556865388	-2.35470761316
-43.4803624251	-2.3709274954
-43.4811773076	-2.37146313164
-43.4861511147	-2.38016729625
-43.4877054298	-2.38389765187
-43.4876685304	-2.3839131888
-43.4817990338	-2.38638455656
-43.4768252239	-2.38607369341
-43.4690536489	-2.38824973505
-43.460038621	-2.39415613223
-43.4460497846	-2.40565806423
-43.4289523193	-2.42586416076
-43.3925813449	-2.44078558552
-43.3823228646	-2.44047472185
-43.3655362618	-2.44327249019
-43.3698883443	-2.44575939413
-43.3742404261	-2.44607025755
-43.3792142346	-2.44389421585
-43.3844989067	-2.44389421576
-43.3885401259	-2.44731370887
-43.4081244954	-2.44233990184
-43.4118057428	-2.44327947402
-43.4124426102	-2.44344202332
-43.4130712952	-2.44460539692
-43.4140308929	-2.44638111968
-43.416828661	-2.44202903761
-43.4214916064	-2.44016385886
-43.4270871401	-2.44233990031
-43.432993538	-2.4423399005
-43.4382782101	-2.44078558619
-43.450091005	-2.42959451708
-43.4535104975	-2.42928365508
-43.4547539505	-2.42617502295
-43.4610349163	-2.4226855974
-43.4631472515	-2.42151207854
-43.4631009184	-2.42164686671
-43.4597277585	-2.43145969619
-43.4482258267	-2.44265076399
-43.4482428069	-2.44274415453
-43.4487631081	-2.44560581432
-43.4488475517	-2.44607025704
-43.4532264651	-2.44923280493
-43.4544430866	-2.45011147647
-43.4550648122	-2.45663959917
-43.4550572309	-2.45664591703
-43.4494692785	-2.46130254414
-43.4367238942	-2.4644111742
-43.4323718118	-2.4684523945
-43.4317500861	-2.47125016082
-43.4333044004	-2.47218275048
-43.4401433876	-2.46658721569
-43.4516453197	-2.46347858565
-43.4524900475	-2.46396128749
-43.4538213614	-2.46472203814
-43.4538081573	-2.46482106813
-43.4528887713	-2.4717164564
-43.4528987932	-2.47176531371
-43.455375677	-2.48384011327
-43.4553601882	-2.48386141009
-43.450401867	-2.49067910042
-43.4504192453	-2.49076599004
-43.4516453192	-2.49689636126
-43.4516261009	-2.49689636154
-43.4476040999	-2.49689636116
-43.4435628809	-2.50715484238
-43.4435779511	-2.50723019317
-43.4437135355	-2.50790811479
-43.4441846071	-2.51026347259
-43.4479087161	-2.50532420274
-43.4489270112	-2.50397364322
-43.4513344561	-2.53078043174
-43.4513282683	-2.5307912608
-43.4488475506	-2.53513251421
-43.4485366881	-2.54010632253
-43.4461589328	-2.54288955977
-43.4392107976	-2.5404171847
-43.4361021672	-2.5376194181
-43.4326826744	-2.53730855519
-43.4193155649	-2.54476926713
-43.4112331258	-2.54166063792
-43.4062593173	-2.54166063734
-43.4037724134	-2.54445840469
-43.4028398232	-2.55098652782
-43.3956899742	-2.5500539395
-43.3958032785	-2.55017595948
-43.3985021418	-2.55308242801
-43.3997311929	-2.55440602075
-43.4050273212	-2.55228757083
-43.4059484551	-2.55191911765
-43.4063303208	-2.55382844933
-43.4065701799	-2.55502774668
-43.4093679489	-2.55533860958
-43.4115439887	-2.55347343196
-43.4071919062	-2.54818876111
-43.4078136322	-2.54508013109
-43.4193155646	-2.5472561708
-43.4326826747	-2.54166063649
-43.4367238937	-2.54228236313
-43.442319428	-2.54694530926
-43.4460305431	-2.54780172038
-43.446360647	-2.54787789824
-43.4482258255	-2.55036480126
-43.4482194666	-2.55046018393
-43.4476040999	-2.5596906921
-43.4392107977	-2.56435363671
-43.4392107974	-2.56746226638
-43.4392134921	-2.56747035117
-43.4403974572	-2.57102224794
-43.4404542489	-2.57119262326
-43.4585274682	-2.58839133042
-43.4597277571	-2.5895335415
-43.4609712099	-2.59326389921
-43.460953814	-2.59331028901
-43.4600386208	-2.59575080327
-43.4544430853	-2.59823770697
-43.4609712098	-2.59761598206
-43.4634581132	-2.59575080293
-43.4619037991	-2.58673577447
-43.4587951683	-2.58114023933
-43.4427118913	-2.56722202064
-43.44263029	-2.56715140394
-43.4427992744	-2.56707294693
-43.4513344561	-2.56311018475
-43.4516453184	-2.54445840495
-43.4559974011	-2.53155759007
-43.4591060327	-2.51041890305
-43.4662121289	-2.50176800224
-43.4662558819	-2.50171473826
-43.4675608462	-2.50318282344
-43.4687427861	-2.50451250562
-43.4746538514	-2.50315950211
-43.4805156631	-2.49452961231
-43.4803528353	-2.48899345769
-43.4922392867	-2.4793865999
-43.4988519163	-2.48476897322
-43.5113310211	-2.47466965505
-43.5176192485	-2.47552714228
-43.5181700066	-2.47560224532
-43.5184569045	-2.47610431706
-43.5194134587	-2.47777828549
-43.5209677743	-2.47591310757
-43.520035185	-2.47311534102
-43.513872936	-2.46756931555
-43.5138179241	-2.46751980473
-43.5139083121	-2.46742080804
-43.5203460476	-2.4603699549
-43.5215894998	-2.45508528374
-43.5191025964	-2.44886802394
-43.5119546974	-2.4417201241
-43.5119527465	-2.44171817346
-43.5119527466	-2.44166389818
-43.5119527467	-2.43892040627
-43.5141287876	-2.4361226392
-43.5163048283	-2.425242434
-43.5237655408	-2.41995776364
-43.5358891989	-2.42213380311
-43.5381182795	-2.42436288429
-43.5393086924	-2.4255532973
-43.5470122949	-2.43941978093
-43.5470802679	-2.43954213193
-43.5514197649	-2.44388162952
-43.5526758019	-2.44513766646
-43.5532975277	-2.46285686023
-43.5532959153	-2.46286052513
-43.5464585414	-2.47840001137
-43.5473911314	-2.47933260118
-43.5537744549	-2.47427913549
-43.5548518427	-2.47342620316
-43.5551627063	-2.47715655845
-43.562634106	-2.48821422907
-43.562934283	-2.48865849196
-43.5750959275	-2.49968881925
-43.5763013933	-2.50078214879
-43.5794100222	-2.51383839691
-43.5793910054	-2.51385587216
-43.5679080902	-2.5244077379
-43.5629342818	-2.52378601213
-43.5629524276	-2.52389488667
-43.5630516536	-2.52449024185
-43.5632451454	-2.52565119105
-43.5697732683	-2.52658377851
-43.5735036248	-2.52471860154
-43.5800317473	-2.51881220406
-43.5837621051	-2.50917545092
-43.5881141876	-2.50731027333
-43.5943314484	-2.50886458746
-43.6013883679	-2.50183272226
-43.5922697194	-2.49105613743
-43.5864669429	-2.49064165364
-43.5732034531	-2.48110852158
-43.5707165485	-2.47116090401
-43.5794537374	-2.4596319719
-43.5831557965	-2.46228135476
-43.5839800381	-2.46287122368
-43.5864669434	-2.46701606341
-43.5904890566	-2.47948461658
-43.5906117832	-2.47986506851
-43.6012296042	-2.48858685042
-43.6022173362	-2.48939820162
-43.6051187246	-2.49478649359
-43.6051131472	-2.49487901232
-43.6044751391	-2.50546204143
-43.6103285424	-2.5106696294
-43.6115587616	-2.51176411678
-43.6138381318	-2.52988879377
-43.6228582102	-2.5412238702
-43.6243907063	-2.54528164696
-43.6243736135	-2.54533652788
-43.6234378326	-2.54834107025
-43.6174409037	-2.54859479943
-43.6142523825	-2.55065859546
-43.613074795	-2.55848229089
-43.6130897714	-2.55850564916
-43.6141969007	-2.56023246106
-43.614953719	-2.56141288654
-43.6187707693	-2.56242693434
-43.6263805112	-2.55924216019
-43.6279751514	-2.55857478287
-43.6279554679	-2.55869041909
-43.6266298817	-2.56647778925
-43.6301136796	-2.56070053908
-43.6288282021	-2.55688783052
-43.6196357029	-2.55977061301
-43.6159821619	-2.55900090692
-43.6152537377	-2.55729566688
-43.6153108498	-2.55261002957
-43.6168307397	-2.55085009625
-43.6245002627	-2.54996940686
-43.6266820764	-2.54854024575
-43.6278924954	-2.54483733174
-43.6275135359	-2.54176244867
-43.623157803	-2.53710647751
-43.6191374514	-2.52534418154
-43.6196090362	-2.52074401619
-43.6331267733	-2.50417233089
-43.6421018305	-2.49848553329
-43.649909368	-2.49673538235
-43.6511961703	-2.49470695807
-43.6508141017	-2.4914338365
-43.6481309209	-2.4887681052
-43.6481100795	-2.48874739966
-43.6481214739	-2.48869522086
-43.6492226221	-2.4836525086
-43.6538591408	-2.48309185117
-43.6584666933	-2.48498251068
-43.6639562513	-2.48888311246
-43.6643101909	-2.48913460464
-43.6711597307	-2.49718031747
-43.6800329652	-2.51199226328
-43.6813813867	-2.52242836083
-43.6827198427	-2.52398080795
-43.6838722385	-2.52531744855
-43.6883034684	-2.52434643938
-43.6974227397	-2.51852466796
-43.701491543	-2.51264496246
-43.7019950625	-2.50570287281
-43.698495446	-2.49912419133
-43.6977359931	-2.49216793293
-43.6950704718	-2.48621199454
-43.6976220331	-2.48399292779
-43.7001470947	-2.48402130609
-43.7091518933	-2.48780083929
-43.7121074425	-2.48701665657
-43.7147406649	-2.47785011895
-43.7181241838	-2.4764574772
-43.7252689038	-2.47735489483
-43.733418068	-2.48132865331
-43.733848208	-2.48153840196
-43.7435865382	-2.4945237543
-43.7460682003	-2.49823066437
-43.7460670016	-2.49833198576
-43.7459690629	-2.50660944639
-43.7478459335	-2.50806139668
-43.7592161721	-2.5075767898
-43.7656981917	-2.51112494789
-43.7781812344	-2.52181858237
-43.7792399733	-2.52272555405
-43.7828358972	-2.53007789015
-43.783965301	-2.53238710437
-43.7860000189	-2.5166120912
-43.7773865861	-2.50886000195
-43.767050466	-2.49507850769
-43.7818215564	-2.47945887521
-43.7842089848	-2.47574509704
-43.7834131748	-2.47362293987
-43.7680275272	-2.47017443233
-43.7605999748	-2.46646065433
-43.7549607589	-2.45418186527
-43.7487127681	-2.44880110441
-43.7487098078	-2.4487985548
-43.7487124405	-2.44857088672
-43.7487665269	-2.44389383576
-43.7445888884	-2.44119076568
-43.7433947262	-2.43525046868
-43.7363445399	-2.42824769714
-43.7363205583	-2.42822387693
-43.7363340639	-2.42817379015
-43.7378591053	-2.42251812962
-43.736613018	-2.42107385915
-43.7226976536	-2.42337409422
-43.7129716886	-2.42735469743
-43.7091865941	-2.42710880451
-43.7034404242	-2.41437620614
-43.6979631483	-2.40981726779
-43.6938183079	-2.41106072002
-43.6883682842	-2.40477075379
-43.6842851738	-2.39696826076
-43.6838706905	-2.39240893747
-43.6805548179	-2.39240893746
-43.678482398	-2.39738274522
-43.6735085895	-2.39986964958
-43.6697782331	-2.39696826141
-43.6681202982	-2.39157996907
-43.6656333933	-2.3944813576
-43.6631464899	-2.40442897339
-43.6473960956	-2.39572480922
-43.6407643513	-2.39779722952
-43.6374484787	-2.38163235288
-43.6333036383	-2.37500060742
-43.6292355312	-2.36243163402
-43.6309582187	-2.33486864811
-43.6283741891	-2.31505775088
-43.6395716519	-2.31333506455
-43.6774707589	-2.33228461808
-43.6791934463	-2.31764178126
-43.6697186697	-2.30472163013
