> -L"camp"
-51.1548701263	-1.71230453698
-51.6498063015	-2.1375590739
-51.6224845022	-2.54738606484
-51.5057273138	-3.10617300498
-51.8431327502	-3.49404822256
-52.579290066	-3.80078043749
-53.2541009389	-3.81843348712
-53.7901219091	-3.8779913727
-54.4055533934	-4.0963702865
-55.0011322492	-4.11622291502
-55.3153897121	-4.03414356013
-55.8883718018	-4.32685567244
-56.6987486888	-4.89217268745
-57.2086010264	-5.09410138229
-57.9005434845	-5.16693743051
-58.5560679185	-5.03947434612
-59.4012563114	-4.94764374835
-59.7778650246	-4.66518721351
-60.138781708	-4.58672706494
-60.6095425994	-4.75933939179
-60.9547672531	-5.10456404548
-61.1858615951	-5.47696012719
-61.5782677951	-5.75949259121
-61.8608002591	-5.72810009521
-62.2375102112	-5.90075882322
-62.7554863952	-6.07341755123
-63.1478925952	-6.51291249526
-63.5873875392	-7.29772489532
-63.9484012433	-7.83139732736
-64.3721999393	-8.34937351139
-65.1256198434	-8.72608346342
-65.5180260434	-8.78886845542
-66.0830909714	-8.72608346342
-66.7894221315	-8.4749434954
-67.1190433395	-8.27089227139
-67.6370195235	-7.83139732736
-67.9666407316	-7.45468737533
-68.2177806996	-6.93671119129
-68.2334769476	-6.49721624726
-68.5474019076	-5.85367007922
-68.9868968516	-5.5711376152
-69.2223405716	-5.46126387919
-69.5519617797	-5.28860515118
-69.7089242597	-5.03746518316
-69.7403167557	-4.48809650312
-69.5676580277	-4.1898677911
-69.3322143077	-3.82885408707
-68.8299343716	-3.76606909507
-68.4689206676	-3.82885408707
-68.1549957076	-3.78176534307
-67.7468932595	-3.68758785506
-67.384401166	-3.65659656827
-67.1009314996	-3.55029544337
-66.8704679691	-3.32904981924
-66.6647791491	-3.07765237256
-66.2333249267	-2.92963348006
-65.8294178594	-2.94516836726
-65.3012316945	-2.88302881845
-65.0060688376	-2.74321483362
-64.7885804168	-2.44805197676
-64.6313306485	-2.099664025
-64.0733855781	-1.66376943876
-63.5751795035	-1.42795761341
-63.0263810736	-1.46225751528
-62.6142105861	-1.59145381232
-62.4046905883	-1.99554746686
-62.0565691082	-2.50015841298
-61.690125445	-2.82995770992
-61.470259247	-2.99485735838
-61.1404599501	-3.52620067011
-60.8473050195	-3.70942250174
-60.3892504404	-3.76438905123
-60.1877064256	-3.69110031858
-59.5647521981	-3.65445595225
-59.3082416338	-3.52620067011
-59.0883754358	-3.54452285327
-58.8501870547	-3.61781158592
-58.5203877578	-3.54452285327
-58.3554881093	-3.43458975429
-58.1539440945	-3.48955630378
-58.0623331787	-3.63613376909
-58.3738102925	-3.83767778388
-58.5020655746	-3.96593306602
-58.1722662777	-4.03922179867
-57.9157557134	-3.96593306602
-57.6958895155	-3.91096651653
-57.7325338818	-3.7277446849
-57.7691782481	-3.5811672196
-57.6592451491	-3.37962320481
-57.4760233175	-3.04982390787
-57.2561571195	-2.88492425941
-56.8897134563	-2.81163552675
-56.4316588772	-2.62841369513
-56.2484370456	-2.4451918635
-55.8270268328	-2.26197003187
-55.2407169716	-2.20700348238
-54.9658842242	-2.17035911605
-54.5444740114	-2.15203693289
-54.3429299966	-2.20700348238
-53.9581641502	-2.46351404666
-53.7016535859	-2.39022531401
-53.1336659079	-2.2436478487
-52.6389669625	-2.07874820024
-52.3824563982	-1.89552636861
-52.1809123834	-1.71230453698
-51.9610461855	-1.63901580433
-51.7411799875	-1.63901580433
-51.3930585074	-1.65733798749
-51.1548701263	-1.71230453698
> -L"camp"
-48.0451161107	-6.09049152556
-47.8836443977	-6.04812839637
-47.6206724412	-6.42877336559
-47.3920518579	-6.8016919125
-47.2927191458	-6.6626261155
-47.0145875518	-6.54342686093
-46.9748544669	-6.44409414879
-46.4185912789	-6.68249265793
-46.1603262273	-6.84142499736
-45.9417942606	-6.88115808222
-45.7033957515	-6.64275957307
-45.5643299545	-6.44409414879
-45.3259314453	-6.12622946993
-45.0101622174	-6.40246673441
-44.8094310127	-6.58089447187
-44.4584256276	-6.48144294607
-44.2802770462	-6.63760601798
-44.387251499	-6.92186411252
-44.8418929233	-7.08232579169
-44.8142578563	-7.57220961057
-44.7756832591	-7.96459547289
-44.8554255237	-8.18372597325
-45.2142657148	-8.30333937026
-45.7724615675	-8.38308163493
-46.2309795894	-8.36314606877
-46.8689177067	-8.20366153942
-47.1878867654	-8.08404814241
-47.5267913903	-8.04417701007
-47.7062114858	-8.26346823792
-48.1049228092	-8.48275946578
-48.324214037	-8.38308163493
-48.084987243	-7.76507908371
-47.965373846	-7.06733426782
-47.9853094122	-6.62875181211
-48.0451161107	-6.09049152556
> -L"camp"
-60.7860063371	-12.3322225293
-60.4498607847	-12.3742407234
-60.1809443428	-12.4162589174
-60.0044679278	-12.5591207772
-59.9372388173	-12.7608081086
-59.9204315397	-12.9540918012
-60.0969079547	-13.138971855
-60.2985952861	-13.2146046043
-60.4750717011	-13.1977973267
-60.5843190056	-13.0549354669
-60.7355845042	-12.8196335803
-60.878446364	-12.6263498877
-61.054922779	-12.5507171384
-61.1557664447	-12.4498734727
-61.0213082237	-12.3490298069
-60.7860063371	-12.3322225293
> -L"camp"
-58.8531694109	-13.0297245505
-58.4750056645	-13.0213209117
-58.2649146942	-13.1053572998
-58.189281945	-13.2566227984
-58.2565110554	-13.3994846581
-58.449794748	-13.5171356015
-58.7187111899	-13.5423465179
-59.113682214	-13.5255392403
-59.2733513514	-13.6095756284
-59.4162132111	-13.6431901836
-59.6767260142	-13.6431901836
-59.7943769576	-13.4667137686
-59.6599187366	-13.2566227984
-59.4918459604	-13.138971855
-59.155700408	-13.0465318281
-58.8531694109	-13.0297245505
> -L"camp"
-64.444772748	-20.9517958693
-64.2659520891	-21.014909043
-64.0976502926	-21.3725503607
-64.002980532	-21.7091539538
-64.1186880171	-21.9510877864
-64.2133577777	-22.0352386847
-64.2028389154	-22.2035404813
-64.3395841251	-22.2771725173
-64.5078859217	-22.1299084453
-64.5078859217	-21.7196728161
-64.5815179577	-21.3409937738
-64.5078859217	-21.0569844921
-64.444772748	-20.9517958693
> -L"camp"
-63.9049082604	-20.9624899485
-63.5843532857	-21.0951333863
-63.440656228	-21.2277768241
-63.5069779469	-21.3493666421
-63.805425682	-21.3272594025
-63.9491227396	-21.2056695845
-64.0264980783	-21.1282942458
-64.0596589378	-20.9845971882
-63.9049082604	-20.9624899485
> -L"camp"
-64.888680424	-20.630881354
-64.711822507	-20.7303639324
-64.7449833664	-20.8298465107
-64.7891978457	-20.8851146098
-64.8002514655	-21.0288116674
-64.8002514655	-21.1393478656
-64.8555195646	-21.2498840638
-64.9218412835	-21.2830449232
-65.0655383411	-21.1835623449
-65.0544847213	-20.995650808
-65.0323774817	-20.8187928909
-64.9439485231	-20.7082566928
-64.888680424	-20.630881354
