# @D40|"Africa-South America Ridge"|"spreading center"||African|"South American"|1|14524.159228486532811
-44.9433 15.2353
-45.0282 14.7559
-45.0680733326501 14.2612885606653
-45.0614 13.9917
-44.7886 13.1906
-44.8745274796847 12.8744073383308
-44.873292552577 12.6909812810633
-44.0790959668719 12.6200725670171
-44.048 12.122
-43.7746 12.0323
-43.7257175113382 11.3894524232634
-43.778386208889 10.8196728770314
-43.248 10.825
-42.8111973993188 10.8005206233766
-42.3467552481886 10.776580306308
-41.9301937311955 10.7909444965492
-41.5592 10.8121
-40.8868444882625 10.8010765419533
-40.9205305089594 10.1778851590608
-40.7240287215609 10.0487554130561
-40.6510423433843 9.79049592104657
-40.6349 9.5059
-40.513 9.362
-40.5331412709451 8.86413035188203
-39.4491392762155 8.87409501931769
-39.5393568063677 8.22092010101578
-39.1965301917893 8.22092010101578
-38.7093555289674 8.21731139980969
-38.0313949217706 8.23687088153941
-38.0423269129261 7.75039727511881
-37.4356014037948 7.71760130165225
-36.7195559831083 7.71213530607449
-36.7195559831083 7.45523351391979
-36.4899841688424 7.43883552718651
-35.954 7.45
-35.232 7.429
-34.6353733266317 7.42175056424898
-34.6220518180949 7.17605870463619
-33.9496283752268 7.17802446599074
-33.93 6.935
-33.799820335383 6.71789977218485
-33.7251575889294 6.2178735855968
-33.4513794966515 6.24471457503581
-33.193705998037 5.85820432711404
-32.8650023691681 5.64546210127439
-32.714482914568 4.83265704643355
-32.5639634599678 3.96717018248266
-32.387 3.9859
-31.9122 4.01114
-31.5654827748562 4.01672487771964
-31.3718780039005 3.23184067114221
-31.2201337239622 2.63009611276618
-30.8276916206734 2.61439842863463
-30.6351268589336 1.84303812708427
-30.685 1.613
-30.391 1.338
-30.272 0.715
-29.228 0.859
-28.2427934794589 1.04060683721149
-27.6818862011009 1.08512328787482
-27.6551763307029 0.835831164160139
-26.3463926812008 0.737894972700798
-25.4916768284647 0.809121293762137
-25.4204505074034 0.586539040445453
-25.0294 0.614126
-24.8206 -0.244593
-24.6117 -1.10331
-24.0507 -1.03387
-23.6013308654723 -1.03964076211658
-22.9990140720483 -1.0042103625034
-22.4675580778506 -0.968779962890221
-21.6526588867474 -0.800485564727613
-21.1212028925497 -0.729624765501253
-20.3083202363228 -0.60743072265171
-19.4559741107302 -0.419608768885924
-18.6233597198205 -0.242456770820023
-18.1450493250426 -0.109592772270596
-17.8889 0.030609
-17.3229 0.149605
-16.7569 0.268587
-16.4982 0.298947
-16.3873920180174 -0.177470576948779
-16.1947895768513 -0.187347625213707
-15.9478633702281 -1.12072868624939
-15.8787240323736 -1.50593356858157
-15.3835448584544 -1.40572928167534
-14.6153718940754 -1.19202702842704
-13.8298717199735 -1.01875493119868
-13.1252318579115 -0.799276941376106
-12.9808384435546 -1.56167416918085
-12.8595479754947 -2.02373309512312
-12.6168645213002 -1.99133011670897
-12.5755147632348 -2.26699517047811
-12.3343078411868 -2.28767004951079
-11.9621600185985 -2.9216996731798
-12.2653915777445 -3.03196569468745
-12.1119731759658 -3.83513362595119
-12.2896130839639 -4.04885745671734
-12.2602945443138 -4.44575954445614
-12.4486575102337 -4.59355202540871
-12.2602945443138 -5.09198941215071
-11.6044 -4.94231
-11.5161 -5.41504
-11.4085724585107 -6.01993888471323
-11.2361337138794 -6.60381946240295
-12.0571856691766 -6.84838812993831
-13.0179911487798 -7.07548760693542
-12.9645801062144 -7.24556134694559
-13.5129515473633 -7.41322529067472
-13.4197825311593 -7.87324730818169
-13.3574 -8.41071
-13.1911 -8.37401
-13.023 -9.22523
-13.2482 -9.27648
-13.1663 -9.79444
-13.3151 -9.82468
-13.1736 -10.6231
-13.0313 -11.4215
-13.5243 -11.5387
-14.0177 -11.6551
-14.5115 -11.7706
-15.0058 -11.8853
-14.9077 -12.339
-14.7847858362018 -12.2945717106897
-14.7128894588698 -12.620220008017
-14.4102 -13.2181
-14.5996 -13.2655
-14.5391 -13.7366
-14.430216942001 -14.121629912067
-13.995049591698 -14.0498061746384
-13.6190312016304 -14.1427545407225
-13.4352 -14.8494
-13.2261 -15.6632
-13.3835 -15.6882
-13.2386 -16.2117
-13.7702 -16.3229
-14.2752294579562 -16.3463168691774
-14.2381 -16.7645
-14.3688 -16.777
-14.1417470676917 -17.4364230563379
-13.8896136638587 -17.5699054466024
-13.6226488833296 -17.7701290319992
-12.984899685399 -17.6218152650386
-12.8598 -18.2872
-12.7444408854551 -18.5275193803425
-12.4772 -18.7465
-12.3793747789084 -19.055904534555
-12.0911646947925 -19.1615815653975
-11.9446 -19.8248
-11.8522 -20.2784
-11.9708 -20.2991
-11.4859235181491 -21.217480165424
-11.9290054228717 -21.2987812039472
-11.7798269551273 -21.7233660736815
-11.7186255324629 -21.9146205195077
-11.97490648987 -22.1632512990818
-12.3643 -22.2671
-12.9102 -22.379
-12.8511 -22.6298
-13.2040144141729 -22.7883184059531
-13.641655577946 -22.8493846148517
-13.4889900556996 -23.4498690023542
-13.4889900556996 -23.6127122260837
-13.2650806230715 -24.3963952402818
-13.427923846801 -24.4879945536297
-13.3421963688643 -24.8019373302664
-13.8106 -24.8874
-13.6632 -25.648
-14.0485 -25.7376
-13.8156 -26.5856
-13.6896 -26.5644
-13.4823 -27.4429
-13.2716 -28.321
-12.7456 -28.2133
-12.5326 -28.9409
-13.2624 -29.098
-13.9902 -29.251
-13.8201 -29.8515
-13.7159 -29.828
-13.5428 -30.4913
-13.3666 -31.1567
-13.4988 -31.1791
-13.3714 -31.6612
-13.2453 -32.1432
-13.883 -32.2745
-14.5229 -32.4002
-14.4461 -32.8976
-14.3668 -33.4989
-14.7018 -33.5691
-14.5151 -34.0434
-15.2741 -34.2376
-15.0834 -34.6898
-15.2659 -34.7702
-15.1 -35.1824
-16.0274 -35.3431
-16.9619 -35.4994
-17.7939126083957 -35.6243688517995
-17.6215725319016 -36.0970730616116
-17.3409044073257 -36.535309256125
-17.4404 -36.5623
-17.3331 -36.9436
-17.2375003614293 -37.3133016014408
-17.488624472892 -37.4068576429661
-17.3753724226245 -38.0863699445711
-17.0848562936774 -38.0617499336434
-17.0505 -38.4467
-16.7985 -38.4012
-16.410267994258 -38.3227220494772
-16.3659519745881 -38.5541501521977
-16.1345238718675 -38.52953014127
-15.9818798041157 -38.8545142855159
-15.8981717669615 -39.1745744275762
-16.0064998150434 -39.2730544712871
-15.9224 -39.6807
-16.4146 -39.79
-16.4698 -40.2729
-16.8674 -40.3663
-16.8166 -40.7897
-16.7436 -41.1763
-16.678 -41.5191
-16.3316 -41.8065
-16.0291532649754 -42.425650253697
-16.2043467975776 -42.4905367472533
-16.1135057065987 -42.7565713708344
-16.2822105898452 -42.977185448926
-16.2108354469332 -43.3600157609086
-16.2445 -43.6835
-16.0856 -44.1319
-15.8928916285071 -44.4825520994336
-15.3844214725956 -44.7148006909161
-15.2748207485474 -44.9948914301503
-15.0129967966546 -45.3054268149535
-14.7877064194445 -45.3845828934327
-14.5234598724656 -45.8443692952657
-13.81 -45.7972
-13.5715 -46.6878
-13.3251 -47.5778
-12.5564932490151 -47.4138012175606
-11.842649116973 -47.2847932418904
-11.1847084410547 -47.1256834052304
-10.4063603211774 -46.8547666563229
-10.1649501057418 -47.6138660611377
-9.99951012363225 -48.3774352093355
-10.1458608770368 -48.4601552003902
-9.8467962939927 -49.2364505010579
-8.92248 -49.0912
-8.37775032263005 -48.9830784641864
-8.02211 -49.2826
-8.02211 -49.2826
-7.89532349868178 -49.5541200092373
-8.04167928327863 -49.7004757938341
-7.75667065011635 -50.1010284674676
-7.10019161183025 -50.0890248108489
-6.92857924769296 -50.4084144885489
-6.15983 -50.4171
-5.60338878609304 -50.4276356844744
-5.54325622542625 -50.698232207475
-5.3177591229258 -51.1041269919758
-5.15239458109213 -51.6152537576435
-4.7448 -52.2345
-4.32557187192378 -53.1937334751467
-3.82947824642278 -53.5394956989807
-2.91952 -53.5469
-2.37231 -54.3274
-1.3822 -54.0533
-0.914655 -54.4535
-0.4379 -54.8518
