> -L"camp300" 300
-56.7133557569 -4.47809836778 300
-56.960064201 -4.58500536025 300
-57.0587475787 -4.74947765637 300
-57.0094058899 -4.81526657481 300
-56.5488834608 -4.6590178935 300
-56.4255292387 -4.42053306414 300
-56.6393432236 -4.42053306414 300
-56.7133557569 -4.48632198258 300
> -L"camp300" 300
-57.4566747428 -4.07027127615 300
-57.7126866938 -4.11178672766 300
-58.0171333382 -4.15330217917 300
-58.4945610306 -4.07719051807 300
-58.9027963038 -3.99415961505 300
-59.0481003841 -4.02183658272 300
-59.0757773517 -4.11178672766 300
-58.882038578 -4.25709080795 300
-58.6813805624 -4.3539601948 300
-58.286983773 -4.44391033974 300
-58.037891064 -4.49234503317 300
-57.8372330483 -4.56845669427 300
-57.5397056458 -4.36779867864 300
-57.4359170171 -4.22249459835 300
-57.3805630817 -4.11870596958 300
-57.4635939847 -4.06335203423 300
> -L"camp300" 300
-55.235598087 -2.4373301834 300
-55.657671844 -2.61031123136 300
-55.9206030369 -2.77637303741 300
-56.335757552 -3.03930423031 300
-56.7370735833 -3.26763921361 300
-56.9515700828 -3.4129432939 300
-57.0622779535 -3.66203600296 300
-57.1245511307 -3.89037098627 300
-57.1522280984 -4.06335203423 300
-57.2975321787 -4.25017156603 300
-57.4220785332 -4.39547564631 300
-57.4359170171 -4.48542579125 300
-57.1799050661 -4.47158730742 300
-56.764750551 -4.31244474329 300
-56.4879808742 -4.2017368726 300
-56.1835342298 -4.08410975999 300
-55.6369141183 -3.77966311558 300
-55.2771135385 -3.76582463174 300
-54.5921085886 -3.74506690598 300
-54.3153389119 -3.7519861479 300
-53.9832152998 -3.71738993831 300
-53.7687188003 -3.62743979337 300
-53.3189680756 -3.58592434186 300
-52.9314905282 -3.53057040651 300
-52.5301744969 -3.40602405198 300
-52.350274207 -3.26763921361 300
-52.1703739172 -3.01162726263 300
-52.0942622561 -2.68642289247 300
-52.3294281138 -2.31119519005 300
-52.59021993 -2.1482003049 300
-52.9407947621 -2.18579036139 300
-53.4983151107 -2.39817906561 300
-53.6310580509 -2.55747059377 300
-53.8080486377 -2.769859298 300
-54.0823840473 -2.61941729917 300
-54.1974279288 -2.44242671232 300
-54.5514091025 -2.50437341772 300
-54.7637978067 -2.53092200575 300
-54.9407883936 -2.46897530035 300
-55.2062742738 -2.43357718298 300
> -L"camp300" 300
-63.7460700894 -2.59286871114 300
-63.2416469169 -2.53092200575 300
-62.728374215 -2.73446118063 300
-62.5248350402 -2.93800035551 300
-62.3124463359 -3.27428247052 300
-62.1885529251 -3.57516646817 300
-61.9230670449 -3.87605046582 300
-61.6841297526 -4.05304105267 300
-61.6664306939 -4.30082787426 300
-61.7991736341 -4.70790622402 300
-62.0912081024 -4.92029492825 300
-62.7903209204 -5.11498457378 300
-63.2593459756 -5.23002845524 300
-63.4628851505 -5.39816951275 300
-63.7106719721 -5.79639833316 300
-64.1177503218 -6.53975879794 300
-64.6487220824 -7.0707305585 300
-65.312104689 -7.38071294058 300
-65.9627299379 -7.23400332565 300
-66.2880425623 -7.05556155499 300
-66.6704408193 -6.64679100445 300
-66.8484538009 -6.25434101265 300
-66.7825494996 -5.88664677246 300
-66.6194226291 -5.6105859147 300
-66.7700012788 -5.35334738816 300
-66.9958692533 -5.13375352404 300
-67.0962550197 -4.8765149975 300
-66.9644987013 -4.4716703128 300
-66.7577601407 -4.18518092396 300
-66.3301450824 -4.06921751834 300
-65.8335260788 -3.90523126618 300
-65.4832389119 -3.91377485562 300
-64.9108184198 -3.90596726213 300
-64.5375012054 -3.64400628284 300
-64.451245761 -3.1648093695 300
-64.34582244 -3.00188241896 300
-64.0512739196 -2.76123097561 300
-63.6706385909 -2.58419128784 300
> -L"camp500" 500
-65.5881715114 -4.25066768866 500
-65.191066016 -4.35516913483 500
-64.7382264159 -4.34123560868 500
-64.3062871051 -4.22280063635 500
-64.1808853697 -4.0486315594 500
-64.0624503973 -3.68635987935 500
-63.9551194455 -3.51591744008 500
-63.5346359548 -3.46708454448 500
-63.2166706302 -3.60453123269 500
-62.8443728056 -3.8911777295 500
-62.518440923 -3.97067331062 500
-62.1686603661 -4.12171491474 500
-61.9540222971 -4.28865563508 500
-62.1050639012 -4.5032937041 500
-62.4866426906 -4.59868840144 500
-62.9954144097 -4.62253707577 500
-63.5598330356 -4.69408309878 500
-63.8223671923 -4.82628645838 500
-64.0430440333 -5.08141887776 500
-64.1024945135 -5.45510761047 500
-64.2129025482 -5.77783878872 500
-64.4591973947 -6.10906289271 500
-64.6120700581 -6.23645677886 500
-65.0027446423 -6.33837188778 500
-65.5802635929 -6.34686481352 500
-65.8520372166 -6.19399215014 500
-66.0386031264 -6.028310484 500
-66.0720179162 -5.5187349394 500
-66.1423910536 -5.16419695266 500
-66.2831373284 -5.04690839036 500
-66.4942567405 -4.92961982806 500
-66.565138412 -4.64087961659 500
-66.4440988852 -4.4586433215 500
-66.1879348773 -4.49523817978 500
-66.0854692741 -4.59038481131 500
-66.0010935882 -4.68672143957 500
-65.8382312251 -4.67964046726 500
-65.7178546959 -4.62299268879 500
-65.6966117789 -4.36807768567 500
-65.6824498343 -4.25478212873 500
-65.5691542774 -4.25478212873 500
> -L"camp500" 500
-55.3215331 -2.76357940835 500
-55.0144478373 -2.74215485515 500
-54.7930607875 -2.82071155024 500
-54.5573907023 -2.8135700325 500
-54.3288621347 -2.79928699703 500
-54.1074750849 -2.97068342269 500
-53.9860692834 -3.13493833061 500
-53.8003898223 -3.19921199023 500
-53.6004273257 -3.07780618872 500
-53.2433514389 -2.82071155024 500
-52.9005585876 -2.75643789062 500
-52.6506054668 -2.77072092609 500
-52.5363411831 -2.89212672759 500
-52.4934920767 -3.07066467099 500
-52.5720487718 -3.24920261438 500
-52.807718857 -3.38489145135 500
-53.3790402759 -3.44916511097 500
-53.5575782193 -3.46344814644 500
-53.8003898223 -3.48487269965 500
-54.0717674962 -3.54914635927 500
-54.5145415958 -3.55628787701 500
-55.0572969437 -3.49201421739 500
-55.2858255113 -3.42059904003 500
-55.5429201498 -3.27776868532 500
-55.7214580932 -3.32775930947 500
-55.8642884479 -3.3349008272 500
-55.9071375543 -3.13493833061 500
-55.7071750577 -3.04209860004 500
-55.6000522917 -2.96354190495 500
-55.4643634547 -2.82071155024 500
-55.3358161354 -2.75643789062 500
> -L"camp700" 700
-65.9334403771 -4.84517319424 700
-65.6563450311 -4.82670017118 700
-65.4777724749 -4.70970435845 700
-65.2437808494 -4.64812761491 700
-65.0097892239 -4.69738900974 700
-64.8743203881 -4.81438482247 700
-64.8065859702 -4.96832668133 700
-64.8127436446 -5.22694900421 700
-64.8681627138 -5.40552156049 700
-65.1883617802 -5.55946341934 700
-65.3361459647 -5.60872481418 700
-65.6994487516 -5.49172900145 700
-65.8718636335 -5.23926435292 700
-65.8964943309 -5.19000295808 700
-66.001174795 -5.12226854019 700
-66.0996975846 -4.98679970439 700
-66.105855259 -4.8513308686 700
-65.9703864232 -4.82054249683 700
-65.8780213079 -4.8513308686 700
