> -L"parana500" 500
-47.4360309289 -19.0628819944 500
-48.3093577351 -19.0143638385 500
-49.2473754159 -19.1275728689 500
-50.0883567849 -19.3701636485 500
-51.7864922416 -20.1626268615 500
-52.255501082 -20.2920086106 500
-52.6921644851 -20.4699085156 500
-53.2096914814 -20.5184266715 500
-53.7919093523 -20.8580537628 500
-54.2309269642 -21.256947601 500
-54.4151799085 -21.5971068827 500
-54.4435265153 -21.9126124905 500
-54.5021252508 -22.0444596455 500
-54.721870509 -22.2495552198 500
-54.7804692446 -22.4107017425 500
-54.8244182962 -22.7036954201 500
-54.7951189285 -22.8941413105 500
-54.7951189285 -23.1138865688 500
-54.8242228702 -23.310648811 500
-54.9600412652 -23.5240777174 500
-55.0376517766 -23.7666105656 500
-55.0764570323 -23.9606368441 500
-55.0056727376 -24.601085494 500
-54.880298341 -24.8439983874 500
-54.6844008463 -25.0634035814 500
-54.4336520532 -25.2044497775 500
-54.2220827589 -25.2828087754 500
-54.0653647632 -25.4003472722 500
-54.0254513902 -25.5858461182 500
-54.0803738757 -25.7849401283 500
-54.1490269826 -25.9359769635 500
-54.2726025751 -26.1213403521 500
-54.4236394103 -26.4165487119 500
-54.5060231386 -26.7598142465 500
-54.5420683898 -26.9827009411 500
-54.4848416671 -27.2028037204 500
-54.4628313892 -27.493339389 500
-54.3923984998 -27.7750709465 500
-54.3615841107 -27.8807202806 500
-54.2496922606 -28.4405592911 500
-54.0499234493 -29.2209062103 500
-53.9313107176 -29.5392877534 500
-53.6523478882 -29.7126113772 500
-52.7140183714 -29.7633318916 500
-51.7756888545 -29.7379716344 500
-51.243123453 -29.8394126632 500
-50.7105580515 -29.8901331777 500
-50.2287131645 -29.8647729205 500
-49.7722285347 -29.3575677762 500
-49.6200669914 -28.977163918 500
-49.4679054481 -28.2163562016 500
-49.4425451909 -27.8866728579 500
-49.6200669914 -27.6330702857 500
-50.0004708496 -27.6077100285 500
-50.3555144506 -27.5569895141 500
-50.6598375371 -27.4555484853 500
-51.2177631958 -27.2526664276 500
-51.3192042247 -26.948343341 500
-51.0909619097 -26.6947407689 500
-51.0067428799 -26.6627242986 500
-50.9898646928 -26.5276988014 500
-51.2092811257 -26.3589169299 500
-51.3105502486 -26.2407696199 500
-51.4962103073 -26.0213531869 500
-51.4455757458 -25.8694495026 500
-51.3611848101 -25.6837894439 500
-51.1586465643 -25.3293475138 500
-50.9018500624 -24.9237267202 500
-50.2451623701 -24.5484766103 500
-49.9402716558 -24.3139452916 500
-49.6822872053 -23.9856014454 500
-49.5650215459 -23.6807107311 500
-49.4946621503 -23.2116480938 500
-49.4712090184 -22.8363979839 500
-49.4008496228 -22.2969759509 500
-49.3539433591 -21.7106476542 500
-49.377396491 -21.4761163355 500
-49.0490526448 -21.1946787531 500
-48.48617748 -21.1477724893 500
-48.0405679744 -21.1477724893 500
-47.6184116008 -21.2181318849 500
-47.219708359 -21.1243193575 500
-47.1024426997 -20.8897880388 500
-46.9617239085 -20.5145379289 500
-46.8913645129 -20.2800066102 500
-46.867911381 -19.8109439728 500
-47.0086301722 -19.5060532585 500
-47.2431614909 -19.1777094124 500
-47.5011459415 -19.0369906211 500
> -L"parana900" 900
-50.0231275159 -20.5423977089 900
-50.7639732877 -20.5859768719 900
-51.533871835 -20.7167143611 900
-52.2747176069 -20.8474518502 900
-52.9061507303 -21.0706914772 900
-53.1955575785 -21.3414768949 900
-53.5686950899 -21.7422542219 900
-53.9694724169 -22.5299889681 900
-54.1629511265 -23.3039038065 900
-54.1491312187 -23.7737806727 900
-53.9971122326 -24.1330982762 900
-53.7068941682 -24.2021978153 900
-53.2784770255 -24.146918184 900
-53.0020788689 -23.8567001196 900
-52.7118608045 -23.7599607648 900
-52.6427612654 -23.9396195666 900
-52.6289413576 -24.2436575388 900
-52.5736617263 -24.5891552345 900
-52.6565811732 -24.9899325616 900
-53.0297186846 -25.3492501651 900
-53.3613964725 -25.7776673078 900
-53.402856196 -26.164624727 900
-53.4739136172 -26.7383015708 900
-53.5334617144 -27.1789574907 900
-53.4262751393 -27.7982577025 900
-53.1642635113 -28.2746424808 900
-52.8546134054 -28.4175579142 900
-52.556872919 -28.4413771532 900
-52.2591324325 -28.358009817 900
-51.9733015656 -28.1793655251 900
-51.7112899375 -28.1079078084 900
-51.4135494511 -28.2150943835 900
-51.2742283443 -28.4549318975 900
-51.185591667 -28.5790232456 900
-50.9462726385 -28.6322052519 900
-50.6892262745 -28.4815229006 900
-50.5917259295 -28.2599312075 900
-50.6271806004 -28.0630816259 900
-50.7018498245 -27.8556671148 900
-50.9424506574 -27.7395149885 900
-51.6476599953 -27.747811569 900
-52.0790821785 -27.822480793 900
-52.2201240461 -27.7975910517 900
-52.2947932701 -27.7561081494 900
-52.3694624941 -27.4906175752 900
-52.4192419768 -27.1919406791 900
-52.2707238155 -26.7732241188 900
-52.1752478547 -26.6883565981 900
-51.8576733678 -26.6411606324 900
-51.6193599851 -26.6411606324 900
-51.4902735694 -26.5815822867 900
-51.9591835695 -26.1178167969 900
-52.0821684321 -25.8963221026 900
-52.1899198473 -25.6164520365 900
-52.2172993053 -25.3476289326 900
-52.1077814734 -25.0190754369 900
-51.9982636415 -24.882178147 900
-51.6833998747 -24.7315911281 900
-51.5661182116 -24.6287388337 900
-51.3860325474 -24.4813960175 900
-51.0913469151 -24.2358246573 900
-51.0162051414 -23.8264522106 900
-50.8970275957 -23.5642616099 900
-50.7301790317 -23.3001994545 900
-50.6402726514 -23.0325996761 900
-50.5557778519 -22.6101256786 900
-50.5004517551 -22.2537794246 900
-50.4824122705 -21.8581133974 900
-50.3799534291 -21.5147352994 900
-50.2150695117 -21.2216083352 900
-50.1234673354 -20.9818031431 900
-49.9816698252 -20.8045562553 900
-49.9816698252 -20.5042803333 900
-50.1648741778 -20.5226007686 900
> -L"parana1300" 1300
-52.289230945 -21.331927859 1300
-52.5682927757 -21.5283047028 1300
-52.8370189831 -21.7660240401 1300
-52.9817177101 -22.1277708577 1300
-53.064402697 -22.3758258183 1300
-53.0230602036 -22.5618670388 1300
-52.806012113 -22.6858945191 1300
-52.661313386 -22.7375726359 1300
-52.516614659 -22.8409288695 1300
-52.3013278669 -22.9530090231 1300
-52.1597616571 -23.17547021 1300
-52.1058316723 -23.323777668 1300
-52.0856079281 -23.4383788855 1300
-52.0856079281 -23.6406163282 1300
-52.0990904243 -23.7687000418 1300
-52.0923491762 -23.9237487479 1300
-52.0586429357 -23.9372312441 1300
-51.8294405007 -23.8091475304 1300
-51.7485455236 -23.708028809 1300
-51.6339443061 -23.5125326145 1300
-51.5328255848 -23.3170364199 1300
-51.4317068635 -23.0541277444 1300
-51.4047418711 -22.8684671413 1300
-51.3914803995 -22.4175771052 1300
-51.4445262861 -22.2584394454 1300
-51.4577877577 -22.0595173707 1300
-51.4511570219 -21.7545035227 1300
-51.4107514475 -21.5159559357 1300
-51.4602022494 -21.2594551699 1300
-51.6551966096 -21.1480298212 1300
-51.9476881498 -21.1480298212 1300
-52.1148261729 -21.1758861584 1300
-52.2613060136 -21.2877216142 1300
